TTV/wasp-107b/5/S5_wasp-107b_ap5_bg11_Table_Save_ch0.txt
# %ECSV 1.0
# ---
# datatype:
# - {name: time, datatype: float64}
# - {name: wavelength, datatype: float64}
# - {name: bin_width, datatype: float64}
# - {name: lcdata, datatype: float64}
# - {name: lcerr, datatype: float64}
# - {name: transit, datatype: float64}
# - {name: polynom, datatype: float64}
# - {name: model, datatype: float64}
# - {name: residuals, datatype: float64}
# schema: astropy-2.0
time wavelength bin_width lcdata lcerr transit polynom model residuals
60129.76059331822 4.5 0.5 1.0078430255563875 0.000296494619326027 1.0 1.0076917599341957 1.0076917599341957 0.0001512656221918096
60129.761076700204 4.5 0.5 1.008147473872345 0.0002964720410301416 1.0 1.0076914556472272 1.0076914556472272 0.00045601822511787127
60129.76156008219 4.5 0.5 1.0078243739583732 0.0002963925685826891 1.0 1.0076911513602587 1.0076911513602587 0.0001332225981145463
60129.76204346417 4.5 0.5 1.0079724352732713 0.00029648628269195084 1.0 1.0076908470732902 1.0076908470732902 0.00028158819998114204
60129.76252684616 4.5 0.5 1.0079573177408487 0.00029653403872672917 1.0 1.0076905427863172 1.0076905427863172 0.00026677495453153455
60129.76301022813 4.5 0.5 1.008093533182898 0.0002965086910568282 1.0 1.007690238499358 1.007690238499358 0.00040329468353994535
60129.763493610124 4.5 0.5 1.008416625829563 0.00029654953641216177 1.0 1.0076899342123848 1.0076899342123848 0.000726691617178199
60129.76397699211 4.5 0.5 1.007237319539464 0.00029634148045534195 1.0 1.0076896299254163 1.0076896299254163 -0.0004523103859523925
60129.764460374085 4.5 0.5 1.007498163364448 0.00029638650420692577 1.0 1.0076893256384525 1.0076893256384525 -0.00019116227400450825
60129.764943756076 4.5 0.5 1.0081904212220976 0.00029648965839949686 1.0 1.0076890213514795 1.0076890213514795 0.0005013998706180356
60129.76542713806 4.5 0.5 1.0073563254505475 0.00029645973631153404 1.0 1.007688717064511 1.007688717064511 -0.0003323916139634786
60129.765910520044 4.5 0.5 1.0077242696008128 0.000296476049808164 1.0 1.0076884127775427 1.0076884127775427 3.585682327011952e-05
60129.76639390203 4.5 0.5 1.0079104308037556 0.00029649124334789903 1.0 1.0076881084905742 1.0076881084905742 0.00022232231318142226
60129.76687728401 4.5 0.5 1.0079000109497693 0.00029643741618247334 1.0 1.0076878042036057 1.0076878042036057 0.00021220674616362345
60129.767360665996 4.5 0.5 1.007455244599885 0.00029638996652841946 1.0 1.0076874999166372 1.0076874999166372 -0.00023225531675219457
60129.76784404798 4.5 0.5 1.0076857349953754 0.00029643761254325444 1.0 1.007687195629669 1.007687195629669 -1.4606342935152838e-06
60129.76832742996 4.5 0.5 1.0075629816360292 0.0002964662355770816 1.0 1.0076868913427004 1.0076868913427004 -0.00012390970667119916
60129.76881081195 4.5 0.5 1.007791397258204 0.00029645240938384686 1.0 1.0076865870557319 1.0076865870557319 0.00010481020247210537
60129.76929419393 4.5 0.5 1.008264104275289 0.00029656347086721974 1.0 1.0076862827687634 1.0076862827687634 0.0005778215065255221
60129.769777575915 4.5 0.5 1.007871687565421 0.00029643105903933705 1.0 1.007685978481795 1.007685978481795 0.00018570908362591787
60129.7702609579 4.5 0.5 1.0083308003491247 0.0002965707773914231 1.0 1.0076856741948266 1.0076856741948266 0.0006451261542981257
60129.77074433989 4.5 0.5 1.007726758660397 0.0002964520716268876 1.0 1.0076853699078534 1.0076853699078534 4.138875254366958e-05
60129.77122772187 4.5 0.5 1.007861040962877 0.00029648764111137016 1.0 1.0076850656208896 1.0076850656208896 0.00017597534198743325
60129.77171110385 4.5 0.5 1.00782170446474 0.00029642088978910214 1.0 1.0076847613339213 1.0076847613339213 0.0001369431308186897
60129.77219448584 4.5 0.5 1.0071877483298486 0.00029641889291469504 1.0 1.007684457046948 1.007684457046948 -0.0004967087170995033
60129.77267786782 4.5 0.5 1.0076747060438835 0.0002964222704229869 1.0 1.0076841527599842 1.0076841527599842 -9.446716100702801e-06
60129.7731612498 4.5 0.5 1.0074802313436444 0.0002963919715045676 1.0 1.0076838484730157 1.0076838484730157 -0.00020361712937133625
60129.77364463179 4.5 0.5 1.0074823312603478 0.0002964017779463724 1.0 1.0076835441860474 1.0076835441860474 -0.00020121292569963423
60129.77412801377 4.5 0.5 1.0079569208996202 0.00029649074594812293 1.0 1.007683239899079 1.007683239899079 0.0002736810005412593
60129.774611395755 4.5 0.5 1.0077991512752946 0.00029641864890166857 1.0 1.0076829356121104 1.0076829356121104 0.00011621566318420484
60129.77509477774 4.5 0.5 1.0078484615189407 0.00029652922890773377 1.0 1.007682631325142 1.007682631325142 0.00016583019379878827
60129.77557815972 4.5 0.5 1.0078618489262576 0.00029642153426911793 1.0 1.0076823270381736 1.0076823270381736 0.00017952188808401104
60129.77606154171 4.5 0.5 1.0075477409470563 0.00029647714044109654 1.0 1.007682022751205 1.007682022751205 -0.00013428180414876145
60129.77654492369 4.5 0.5 1.007288107181657 0.0002963916180161057 1.0 1.0076817184642366 1.0076817184642366 -0.00039361128257953126
60129.777028305674 4.5 0.5 1.0074908065180055 0.0002963565826653326 1.0 1.007681414177268 1.007681414177268 -0.00019060765926259826
60129.777511687666 4.5 0.5 1.008048970714162 0.0002964998940774865 1.0 1.0076811098902951 1.0076811098902951 0.00036786082386686125
60129.77799506964 4.5 0.5 1.0076309997473731 0.0002964643301924397 1.0 1.0076808056033313 1.0076808056033313 -4.980585595815157e-05
60129.778478451626 4.5 0.5 1.0074260182658166 0.000296373221412379 1.0 1.0076805013163628 1.0076805013163628 -0.0002544830505462059
60129.77896183362 4.5 0.5 1.0078155146372882 0.0002963937265097214 1.0 1.0076801970293898 1.0076801970293898 0.00013531760789842195
60129.779445215594 4.5 0.5 1.008165223294998 0.00029643977548912003 1.0 1.007679892742426 1.007679892742426 0.0004853305525720497
60129.77992859758 4.5 0.5 1.008289188086821 0.00029653917845881133 1.0 1.0076795884554575 1.0076795884554575 0.0006095996313635332
60129.78041197957 4.5 0.5 1.0077511280345475 0.00029649790756416683 1.0 1.0076792841684845 1.0076792841684845 7.184386606295945e-05
60129.78089536155 4.5 0.5 1.0077715456773113 0.0002965428281165672 1.0 1.007678979881516 1.007678979881516 9.256579579530744e-05
60129.78137874353 4.5 0.5 1.0081385073515035 0.000296507362776752 1.0 1.0076786755945522 1.0076786755945522 0.0004598317569513011
60129.78186212552 4.5 0.5 1.0072530000519286 0.0002963957807878719 1.0 1.007678371307579 1.007678371307579 -0.00042537125565034195
60129.782345507505 4.5 0.5 1.007515144428195 0.0002964136518008104 1.0 1.0076780670206107 1.0076780670206107 -0.00016292259241579288
60129.78282888948 4.5 0.5 1.0069188525612782 0.0002963234083135104 1.0 1.0076777627336468 1.0076777627336468 -0.0007589101723686209
60129.78331227147 4.5 0.5 1.0072011439079136 0.00029635848272125835 1.0 1.0076774584466737 1.0076774584466737 -0.0004763145387600698
60129.78379565346 4.5 0.5 1.0074330318952822 0.00029645922913700045 1.0 1.0076771541597052 1.0076771541597052 -0.00024412226442294127
60129.78427903544 4.5 0.5 1.0073684720880445 0.00029642308494055674 1.0 1.0076768498727369 1.0076768498727369 -0.00030837778469239296
60129.78476241742 4.5 0.5 1.0075602204849854 0.0002964585074070616 1.0 1.007676545585773 1.007676545585773 -0.0001163251007876287
60129.7852457994 4.5 0.5 1.0075334643047686 0.00029641330252011273 1.0 1.0076762412988045 1.0076762412988045 -0.00014277699403586475
60129.78572918139 4.5 0.5 1.007261048084771 0.0002963237891491588 1.0 1.0076759370118316 1.0076759370118316 -0.0004148889270605416
60129.78621256337 4.5 0.5 1.0077218404116932 0.00029647522282019023 1.0 1.0076756327248675 1.0076756327248675 4.6207686825727734e-05
60129.78669594535 4.5 0.5 1.0077891524526172 0.0002963992609935014 1.0 1.0076753284378992 1.0076753284378992 0.00011382401471804471
60129.787179327344 4.5 0.5 1.007613436004131 0.0002964681124217112 1.0 1.007675024150926 1.007675024150926 -6.158814679513291e-05
60129.78766270933 4.5 0.5 1.0079633472185043 0.00029651367533153265 1.0 1.0076747198639577 1.0076747198639577 0.00028862735454660005
60129.788146091305 4.5 0.5 1.008310248088892 0.00029652685384085026 1.0 1.0076744155769937 1.0076744155769937 0.0006358325118982489
60129.788629473296 4.5 0.5 1.007008309521832 0.00029635175881525893 1.0 1.0076741112900207 1.0076741112900207 -0.0006658017681886452
60129.78911285528 4.5 0.5 1.0078118321061982 0.0002964444259067754 1.0 1.0076738070030522 1.0076738070030522 0.00013802510314597782
60129.78959623726 4.5 0.5 1.00732296904399 0.00029638253462794183 1.0 1.0076735027160884 1.0076735027160884 -0.00035053367209836317
60129.79007961925 4.5 0.5 1.0078501146773864 0.00029647374514530516 1.0 1.0076731984291154 1.0076731984291154 0.0001769162482709863
60129.79056300123 4.5 0.5 1.0083749606272563 0.00029651624088339974 1.0 1.007672894142147 1.007672894142147 0.0007020664851093983
60129.791046383216 4.5 0.5 1.007868254796247 0.0002965146424653484 1.0 1.0076725898551784 1.0076725898551784 0.00019566494106859622
60129.7915297652 4.5 0.5 1.007813741816391 0.00029644036245416653 1.0 1.00767228556821 1.00767228556821 0.00014145624818096003
60129.792013147184 4.5 0.5 1.007691919743299 0.0002964731229232796 1.0 1.0076719812812416 1.0076719812812416 1.9938462057389472e-05
60129.79249652917 4.5 0.5 1.008289402179504 0.0002964784791015396 1.0 1.007671676994273 1.007671676994273 0.0006177251852308441
60129.79297991115 4.5 0.5 1.008129512983685 0.0002964989824183104 1.0 1.0076713727073046 1.0076713727073046 0.0004581402763803588
60129.793463293136 4.5 0.5 1.0076468795035354 0.00029646954142502243 1.0 1.0076710684203363 1.0076710684203363 -2.4188916800893523e-05
60129.79394667512 4.5 0.5 1.0073961721114044 0.0002963606456306234 1.0 1.0076707641333678 1.0076707641333678 -0.000274592021963338
60129.79443005711 4.5 0.5 1.0070300744663117 0.0002963947474191553 1.0 1.0076704598463948 1.0076704598463948 -0.0006403853800831527
60129.79491343909 4.5 0.5 1.007398717260324 0.0002963660347644214 1.0 1.0076701555594307 1.0076701555594307 -0.0002714382991066966
60129.79539682107 4.5 0.5 1.0076698593098323 0.00029642025446073675 1.0 1.0076698512724624 1.0076698512724624 8.037369880753431e-09
60129.795880203055 4.5 0.5 1.0073323092210045 0.00029642407795383283 1.0 1.007669546985494 1.007669546985494 -0.00033723776448946197
60129.79636358504 4.5 0.5 1.0075462501934118 0.00029643355248535935 1.0 1.0076692426985254 1.0076692426985254 -0.00012299250511360604
60129.79684696702 4.5 0.5 1.00761430948856 0.0002964599050181147 1.0 1.007668938411557 1.007668938411557 -5.462892299701316e-05
60129.79733034901 4.5 0.5 1.0075066523607856 0.00029640555134725547 1.0 1.0076686341245886 1.0076686341245886 -0.00016198176380299856
60129.79781373099 4.5 0.5 1.0073941473650396 0.00029646402862471775 1.0 1.0076683298376201 1.0076683298376201 -0.00027418247258048645
60129.798297112975 4.5 0.5 1.007712151333502 0.0002964100905058026 1.0 1.0076680255506516 1.0076680255506516 4.412578285029056e-05
60129.79878049496 4.5 0.5 1.0076726698549547 0.0002964439599039566 1.0 1.0076677212636833 1.0076677212636833 4.948591271425329e-06
60129.79926387694 4.5 0.5 1.007270331919298 0.0002963940709408834 1.0 1.0076674169767148 1.0076674169767148 -0.0003970850574168683
60129.799747258934 4.5 0.5 1.0080838905797926 0.00029649967809631394 1.0 1.0076671126897416 1.0076671126897416 0.0004167778900510122
60129.80023064091 4.5 0.5 1.007477374266258 0.00029638594194456366 1.0 1.0076668084027778 1.0076668084027778 -0.0001894341365198393
60129.800714022895 4.5 0.5 1.0072281319249259 0.000296371915431979 1.0 1.0076665041158095 1.0076665041158095 -0.0004383721908836069
60129.801197404886 4.5 0.5 1.0077999907399704 0.000296472125588752 1.0 1.0076661998288363 1.0076661998288363 0.0001337909111340796
60129.80168078687 4.5 0.5 1.0075293483037184 0.0002964197026387029 1.0 1.0076658955418678 1.0076658955418678 -0.00013654723814937597
60129.80216416885 4.5 0.5 1.0077188693582657 0.00029642233138256214 1.0 1.007665591254904 1.007665591254904 5.327810336175354e-05
60129.80264755084 4.5 0.5 1.0076281577825 0.000296427315051481 1.0 1.007665286967931 1.007665286967931 -3.712918543108401e-05
60129.80313093282 4.5 0.5 1.0072665431308734 0.0002963945134580091 1.0 1.0076649826809625 1.0076649826809625 -0.0003984395500891136
60129.8036143148 4.5 0.5 1.0076432598587741 0.0002964580970428131 1.0 1.0076646783939986 1.0076646783939986 -2.1418535224526636e-05
60129.80409769679 4.5 0.5 1.007406320256221 0.0002964216107693402 1.0 1.0076643741070257 1.0076643741070257 -0.0002580538508047958
60129.80458107877 4.5 0.5 1.008560790474598 0.0002965204743334428 1.0 1.0076640698200572 1.0076640698200572 0.0008967206545407169
60129.80506446076 4.5 0.5 1.008103492386318 0.0002964628072132973 1.0 1.0076637655330887 1.0076637655330887 0.00043972685322923866
60129.80554784274 4.5 0.5 1.008033832815316 0.0002965132139084041 1.0 1.0076634612461204 1.0076634612461204 0.00037037156919561554
60129.80603122472 4.5 0.5 1.0076784825141076 0.0002964223568081212 1.0 1.0076631569591563 1.0076631569591563 1.53255549513176e-05
60129.80651460671 4.5 0.5 1.007886380697237 0.00029644338224949017 1.0 1.0076628526721834 1.0076628526721834 0.0002235280250535432
60129.80699798869 4.5 0.5 1.007813964570787 0.0002964467829544683 1.0 1.0076625483852149 1.0076625483852149 0.00015141618557223957
60129.80748137067 4.5 0.5 1.0073982308128384 0.000296404045714201 1.0 1.007662244098251 1.007662244098251 -0.00026401328541258984
60129.80796475266 4.5 0.5 1.007613995830038 0.0002964309363614349 1.0 1.007661939811278 1.007661939811278 -4.79439812399729e-05
60129.808448134645 4.5 0.5 1.0078875161031637 0.00029648980019386987 1.0 1.0076616355243095 1.0076616355243095 0.00022588057885419843
60129.80893151663 4.5 0.5 1.0072177546812668 0.00029638795600689323 1.0 1.007661331237341 1.007661331237341 -0.0004435765560741878
60129.80941489861 4.5 0.5 1.0073894482164412 0.00029636876291361513 1.0 1.0076610269503727 1.0076610269503727 -0.0002715787339315767
60129.8098982806 4.5 0.5 1.0082990135335912 0.00029651044853144657 1.0 1.0076607226634042 1.0076607226634042 0.0006382908701869638
60129.81038166258 4.5 0.5 1.007224656339417 0.000296438076673161 1.0 1.0076604183764357 1.0076604183764357 -0.00043576203701878313
60129.810865044565 4.5 0.5 1.0071524413959974 0.00029636843740374 1.0 1.0076601140894672 1.0076601140894672 -0.0005076726934698517
60129.81134842655 4.5 0.5 1.007831769621572 0.00029649644261019805 1.0 1.007659809802499 1.007659809802499 0.00017195981907303093
60129.81183180853 4.5 0.5 1.0076691176021868 0.0002965362052477188 1.0 1.0076595055155304 1.0076595055155304 9.612086656396457e-06
60129.812315190524 4.5 0.5 1.0075162236157356 0.000296427065191409 1.0 1.0076592012285575 1.0076592012285575 -0.00014297761282189292
60129.8127985725 4.5 0.5 1.007644264267093 0.00029644752741794274 1.0 1.0076588969415934 1.0076588969415934 -1.4632674500303366e-05
60129.813281954484 4.5 0.5 1.0075982381101272 0.00029640983831765626 1.0 1.007658592654625 1.007658592654625 -6.035454449793143e-05
60129.813765336476 4.5 0.5 1.007976809813521 0.00029643821807030297 1.0 1.007658288367652 1.007658288367652 0.0003185214458689689
60129.81424871846 4.5 0.5 1.0076374342342103 0.0002964813147216897 1.0 1.0076579840806836 1.0076579840806836 -2.0549846473372213e-05
60129.814732100436 4.5 0.5 1.007452006532861 0.00029640821553063025 1.0 1.0076576797937196 1.0076576797937196 -0.0002056732608586298
60129.81521548243 4.5 0.5 1.0084566886373802 0.00029658033367045196 1.0 1.0076573755067466 1.0076573755067466 0.0007993131306336387
60129.81569886441 4.5 0.5 1.0073910487643973 0.00029637981267772 1.0 1.007657071219778 1.007657071219778 -0.0002660224553807655
60129.816182246395 4.5 0.5 1.0078416814899638 0.0002964605691993001 1.0 1.0076567669328098 1.0076567669328098 0.0001849145571539701
60129.81666562838 4.5 0.5 1.0077820356548959 0.0002964780819844311 1.0 1.0076564626458413 1.0076564626458413 0.00012557300905458035
60129.817149010356 4.5 0.5 1.0080755990845087 0.0002965004053997962 1.0 1.0076561583588775 1.0076561583588775 0.00041944072563127044
60129.81763239235 4.5 0.5 1.007577064452867 0.00029639785376104466 1.0 1.0076558540719043 1.0076558540719043 -7.878961903728943e-05
60129.81811577433 4.5 0.5 1.0076275270841222 0.00029637920392480466 1.0 1.007655549784936 1.007655549784936 -2.8022700813812307e-05
60129.81859915631 4.5 0.5 1.0076444621690646 0.00029649659265541063 1.0 1.0076552454979721 1.0076552454979721 -1.0783328907582046e-05
