TTV/wasp-107b/5/S5_wasp-107b_ap5_bg11_Table_Save_ch0.txt
# %ECSV 1.0
# ---
# datatype:
# - {name: time, datatype: float64}
# - {name: wavelength, datatype: float64}
# - {name: bin_width, datatype: float64}
# - {name: lcdata, datatype: float64}
# - {name: lcerr, datatype: float64}
# - {name: transit, datatype: float64}
# - {name: polynom, datatype: float64}
# - {name: model, datatype: float64}
# - {name: residuals, datatype: float64}
# schema: astropy-2.0
time wavelength bin_width lcdata lcerr transit polynom model residuals
[from data line 344]
60129.926876720856 4.5 0.5 0.9867964439955532 0.0002933771447392669 0.9791022328895425 1.0075870852169468 0.9865307649665783 0.0002656790289748967
60129.92736010285 4.5 0.5 0.9868187236505725 0.00029336048051992517 0.9791423675387149 1.007586780929974 0.986570906180487 0.0002478174700855096
60129.927843484824 4.5 0.5 0.9863128217034336 0.0002933689903255141 0.9791844351403847 1.00758647664301 0.9866129949867761 -0.0003001732833425308
60129.92832686681 4.5 0.5 0.9867760107891662 0.000293455172833153 0.9792285713078281 1.0075861723560415 0.9866571680257297 0.0001188427634365441
60129.9288102488 4.5 0.5 0.9869019810883721 0.0002933998779017497 0.9792749277132518 1.0075858680690686 0.9867035781182312 0.00019840297014095398
60129.92929363078 4.5 0.5 0.9869595905981832 0.00029341328952948146 0.9793236751278143 1.0075855637821 0.9867523973288169 0.00020719326936624594
60129.92977701277 4.5 0.5 0.9865397160283809 0.00029339938497219124 0.9793750073173474 1.0075852594951316 0.9868038208908958 -0.0002641048625149356
60129.93026039476 4.5 0.5 0.9863558132473267 0.0002933115415003503 0.9794291461217133 1.0075849552081586 0.9868580723246115 -0.0005022590772848501
60129.930743776735 4.5 0.5 0.986961041429296 0.0002934225275753165 0.9794863482399373 1.0075846509211948 0.986915410273413 4.5631155882963625e-05
60129.93122715872 4.5 0.5 "" "" 0.9795469145648398 1.0075843466342262 0.9869761379093863 ""
60129.93171054071 4.5 0.5 0.986811516428362 0.0002933974627170741 0.9796112034356604 1.0075840423472533 0.9870406162863602 -0.0002290998579982384
60129.932193922694 4.5 0.5 0.9871873391842896 0.00029351867826143144 0.9796796503242221 1.0075837380602848 0.9871092841752724 7.805500901714169e-05
60129.93267730468 4.5 0.5 0.9869949828327784 0.0002932854573276706 0.9797527987519313 1.0075834337733163 0.9871826892154879 -0.00018770638270948492
60129.93316068667 4.5 0.5 0.9873347825621722 0.00029347182731273764 0.9798313526558277 1.0075831294863433 0.9872615406777957 7.324188437651813e-05
60129.93364406865 4.5 0.5 0.9872617793463404 0.00029344963405034396 0.9799162753975379 1.0075828251993748 0.9873468092238998 -8.502987755942826e-05
60129.93412745063 4.5 0.5 0.9872412082794182 0.0002934795219432665 0.9800090136165185 1.007582520912411 0.987439952456617 -0.00019874417719878412
60129.93461083262 4.5 0.5 0.9880365921168341 0.0002935943986140214 0.9801122471541713 1.0075822166254378 0.9875436705293389 0.0004929215874952542
60129.935094214605 4.5 0.5 0.9878939129444072 0.00029354826593474046 0.9803573989469139 1.0075819123384695 0.9877903828060993 0.00010353013830788349
60129.93557759659 4.5 0.5 0.988168097957533 0.00029363212267813994 0.9807873125593396 1.007581608051501 0.9882232575450495 -5.5159587516451225e-05
60129.93606097858 4.5 0.5 0.9889812389555981 0.00029372402309932365 0.9813167771932156 1.007581303764528 0.988756437770345 0.00022480118525303183
60129.936544360564 4.5 0.5 0.9893492635859145 0.00029377425959380366 0.9819186218307332 1.0075809994775595 0.989362546389838 -1.3282803923542197e-05
60129.93702774254 4.5 0.5 0.9901319882360504 0.00029398190713907346 0.982576727473061 1.0075806951905957 0.9900253421454073 0.00010664609064314767
60129.937511124524 4.5 0.5 0.9909646578594593 0.0002939956836807373 0.9832797097604122 1.0075803909036272 0.9907333543280012 0.00023130353145806026
60129.93799450651 4.5 0.5 0.9916709668179583 0.00029416610264552305 0.9840187704195524 1.0075800866166587 0.9914777179317505 0.00019324888620775305
60129.9384778885 4.5 0.5 0.9924454483636068 0.0002941447264779902 0.9847867155827691 1.0075797823296857 0.9922511845280526 0.00019426383555420923
60129.93896127048 4.5 0.5 0.9927691607775541 0.00029428484472109707 0.985577428050156 1.0075794780427172 0.9930475905254599 -0.0002784297479058173
60129.93944465247 4.5 0.5 0.993828295166523 0.00029442134009790975 0.9863855516425393 1.0075791737557487 0.9938615391285981 -3.3243962075046873e-05
60129.93992803445 4.5 0.5 0.9948174196651212 0.0002945361362710005 0.9872062868231408 1.0075788694687804 0.9946881944097328 0.0001292252553883877
60129.940411416435 4.5 0.5 0.9958230107771043 0.00029474691329963565 0.9880352499436738 1.0075785651818119 0.9955231394872996 0.00029987128980468736
60129.94089479842 4.5 0.5 0.9964499688068509 0.0002947715744132543 0.9888683709402871 1.0075782608948434 0.9963622734459313 8.769536091957075e-05
60129.94137818041 4.5 0.5 0.9970229987129302 0.00029488314345245615 0.9897018152309016 1.0075779566078704 0.997201732641452 -0.00017873392852174597
60129.941861562394 4.5 0.5 0.9981171901918273 0.0002950240156023822 0.9905319210348311 1.007577652320902 0.9980378275451881 7.936264663921389e-05
60129.94234494438 4.5 0.5 0.9986876647372773 0.000295169330758688 0.9913551466055293 1.0075773480339334 0.9988669895765904 -0.00017932483931304422
60129.94282832636 4.5 0.5 0.9997356086056047 0.00029534128000912967 0.9921680230754623 1.007577043746965 0.9996857235906449 4.9885014959838436e-05
60129.943311708346 4.5 0.5 1.000635244613914 0.00029541011383952095 0.9929671099020206 1.0075767394599966 1.000490562986094 0.00014468162781988703
60129.94379509033 4.5 0.5 1.0015092830879138 0.00029552098157828156 0.993748949948182 1.007576435173028 1.001278024445729 0.00023125864218465075
60129.94427847232 4.5 0.5 1.0016108769860395 0.00029556110522494135 0.9945100211776724 1.0075761308860551 1.002044559265608 -0.0004336822795685258
60129.944761854305 4.5 0.5 1.002463124238409 0.0002957393537423393 0.9952466811787524 1.0075758265990866 1.002786497458679 -0.00032337322027009563
60129.94524523629 4.5 0.5 1.0028810773554442 0.000295755549060076 0.9959550995453594 1.007575522312118 1.003499979623833 -0.000618902268388899
60129.94572861828 4.5 0.5 1.0042148022420452 0.00029593410626045234 0.9966311700462779 1.0075752180251452 1.004180868450034 3.3933792011220376e-05
60129.94621200026 4.5 0.5 1.0053455417665567 0.000296079501335889 0.9972703896726116 1.0075749137381813 1.004824626848024 0.0005209149185325668
60129.94669538224 4.5 0.5 1.005634292209704 0.0002961736818734104 0.997867681357331 1.0075746094512128 1.0054261393276 0.0002081528821038514
60129.94717876423 4.5 0.5 1.0060460256999735 0.00029618046989978976 0.9984171143302542 1.0075743051642398 1.0059794302353913 6.659546458220866e-05
60129.947662146216 4.5 0.5 1.0064171682214549 0.0002962334392325162 0.9989114226061757 1.0075740008772713 1.0064771785973112 -6.001037585634528e-05
60129.9481455282 4.5 0.5 1.006621701828003 0.0002962587659796846 0.9993410684514835 1.0075736965903028 1.0069097744941642 -0.00028807266616115434
60129.948628910184 4.5 0.5 "" "" 0.9996920427610054 1.0075733923033343 1.0072631027833563 ""
60129.94911229216 4.5 0.5 1.0079085764316977 0.0002964860778373281 0.9999383812634958 1.0075730880163705 1.0075110026357512 0.0003975737959465153
60129.94959567415 4.5 0.5 1.0077382591453565 0.0002964111876772857 1.0 1.0075727837293975 1.0075727837293975 0.0001654754159590155
60129.950079056136 4.5 0.5 1.0073947748857996 0.00029649678854428135 1.0 1.007572479442429 1.007572479442429 -0.00017770455662935447
60129.95056243812 4.5 0.5 1.0071279871772991 0.0002963937797217066 1.0 1.0075721751554607 1.0075721751554607 -0.00044418797816159206
60129.95104582011 4.5 0.5 1.0076699723021327 0.00029646639190871637 1.0 1.0075718708684875 1.0075718708684875 9.810143364519242e-05
60129.951529202095 4.5 0.5 1.0077066400322499 0.00029646739611798094 1.0 1.007571566581519 1.007571566581519 0.0001350734507308271
60129.95201258408 4.5 0.5 1.007603577245685 0.00029643265586708033 1.0 1.0075712622945507 1.0075712622945507 3.2314951134315706e-05
60129.95249596606 4.5 0.5 1.0074746650571191 0.00029633756894951606 1.0 1.0075709580075822 1.0075709580075822 -9.629295046309494e-05
60129.95297934805 4.5 0.5 1.0076607738567962 0.0002964832938702026 1.0 1.0075706537206137 1.0075706537206137 9.012013618248105e-05
60129.95346273003 4.5 0.5 1.007901154750369 0.00029650342531515965 1.0 1.0075703494336452 1.0075703494336452 0.0003308053167236924
60129.95394611202 4.5 0.5 1.0077957036106546 0.00029645359971583983 1.0 1.0075700451466723 1.0075700451466723 0.00022565846398237
60129.954429494006 4.5 0.5 1.007893163286911 0.0002964722430596696 1.0 1.0075697408597037 1.0075697408597037 0.0003234224272072872
60129.95491287599 4.5 0.5 1.0078293668195184 0.00029651704302624093 1.0 1.0075694365727355 1.0075694365727355 0.00025993024678294674
60129.95539625798 4.5 0.5 1.0076771251119465 0.00029639769597120656 1.0 1.0075691322857623 1.0075691322857623 0.00010799282618423334
60129.95587963996 4.5 0.5 1.0076884677059736 0.00029638450101924087 1.0 1.0075688279987984 1.0075688279987984 0.000119639707175212
60129.95636302194 4.5 0.5 1.0072558068757231 0.0002964079899412106 1.0 1.00756852371183 1.00756852371183 -0.0003127168361067856
60129.95684640393 4.5 0.5 1.00722661853757 0.00029633298363543434 1.0 1.007568219424857 1.007568219424857 -0.0003416008872869636
60129.95732978592 4.5 0.5 1.007913572694194 0.00029650470209196855 1.0 1.0075679151378885 1.0075679151378885 0.00034565755630544537
60129.9578131679 4.5 0.5 1.0074646007660564 0.00029639422216119483 1.0 1.0075676108509202 1.0075676108509202 -0.00010301008486379715
60129.95829654989 4.5 0.5 1.0076543454286577 0.0002964481988257066 1.0 1.007567306563947 1.007567306563947 8.703886471073119e-05
60129.958779931876 4.5 0.5 1.007780582307825 0.0002964503571922591 1.0 1.0075670022769785 1.0075670022769785 0.00021358003084648303
60129.95926331385 4.5 0.5 1.007425407435998 0.0002963964914166281 1.0 1.0075666979900146 1.0075666979900146 -0.00014129055401657098
60129.95974669584 4.5 0.5 1.0078152910583638 0.0002964442317977676 1.0 1.0075663937030463 1.0075663937030463 0.0002488973553174123
60129.96023007782 4.5 0.5 1.0073799021789347 0.0002963934156413146 1.0 1.0075660894160778 1.0075660894160778 -0.00018618723714314278
60129.96071345981 4.5 0.5 1.0078326056444349 0.0002965000131788398 1.0 1.0075657851291047 1.0075657851291047 0.0002668205153302239
60129.961196841796 4.5 0.5 1.0072018278995862 0.00029637574542859296 1.0 1.0075654808421364 1.0075654808421364 -0.00036365294255014113
60129.96168022378 4.5 0.5 1.0075633896334393 0.0002964848341675094 1.0 1.0075651765551679 1.0075651765551679 -1.7869217285859662e-06
60129.96216360577 4.5 0.5 1.007335037817488 0.00029638492983697544 1.0 1.007564872268195 1.007564872268195 -0.00022983445070701158
60129.962646987755 4.5 0.5 1.007327829434471 0.0002964466782985613 1.0 1.0075645679812264 1.0075645679812264 -0.00023673854675543282
60129.96313036973 4.5 0.5 1.0077861841278155 0.0002964428547963069 1.0 1.0075642636942626 1.0075642636942626 0.00022192043355295787
60129.96361375172 4.5 0.5 1.0066488340680024 0.0002963474193207063 1.0 1.0075639594072894 1.0075639594072894 -0.0009151253392869485
60129.96409713371 4.5 0.5 1.0074094455323195 0.0002963602752709487 1.0 1.007563655120321 1.007563655120321 -0.0001542095880016081
60129.96458051569 4.5 0.5 1.0075313532515 0.00029646308370149675 1.0 1.0075633508333526 1.0075633508333526 -3.1997581852571955e-05
60129.96506389768 4.5 0.5 1.0073535308206425 0.00029637546645476574 1.0 1.0075630465463796 1.0075630465463796 -0.0002095157257371305
60129.965547279666 4.5 0.5 1.006974015037493 0.00029643996558032486 1.0 1.0075627422594111 1.0075627422594111 -0.0005887272219180506
60129.96603066165 4.5 0.5 1.0075769440725857 0.00029641772683722506 1.0 1.0075624379724426 1.0075624379724426 1.4506100143085732e-05
60129.966514043634 4.5 0.5 1.0076845359315012 0.0002963556505449976 1.0 1.007562133685474 1.007562133685474 0.00012240224602710903
60129.96699742562 4.5 0.5 1.0073435388634604 0.00029637358564206046 1.0 1.0075618293985058 1.0075618293985058 -0.00021829053504540674
60129.9674808076 4.5 0.5 1.008001900481568 0.00029643655864888477 1.0 1.0075615251115373 1.0075615251115373 0.0004403753700306101
60129.96796418959 4.5 0.5 1.0073522323380737 0.0002964437098249178 1.0 1.0075612208245641 1.0075612208245641 -0.00020898848649042456
60129.96844757158 4.5 0.5 "" "" 1.0 1.0075609165375958 1.0075609165375958 ""
60129.96893095356 4.5 0.5 1.007623838358932 0.0002965281103930206 1.0 1.0075606122506273 1.0075606122506273 6.322610830467035e-05
60129.96941433555 4.5 0.5 1.0076562503109634 0.0002964640554411072 1.0 1.0075603079636544 1.0075603079636544 9.59423473090304e-05
60129.96989771753 4.5 0.5 1.0076345951685806 0.0002964880748133304 1.0 1.0075600036766905 1.0075600036766905 7.459149189004144e-05
60129.97038109951 4.5 0.5 1.0079908851301986 0.0002965430368696629 1.0 1.007559699389722 1.007559699389722 0.00043118574047662506
60129.9708644815 4.5 0.5 1.0076122841048611 0.00029640113115702676 1.0 1.0075593951027535 1.0075593951027535 5.28890021076478e-05
60129.97134786348 4.5 0.5 1.0072664665125224 0.00029649942642240523 1.0 1.007559090815785 1.007559090815785 -0.0002926243032626008
60129.97183124547 4.5 0.5 1.0071211038133423 0.0002963686033258321 1.0 1.007558786528812 1.007558786528812 -0.0004376827154697338
60129.972314627455 4.5 0.5 1.007800925407152 0.0002965093632947186 1.0 1.0075584822418435 1.0075584822418435 0.00024244316530852572
60129.97279800944 4.5 0.5 1.0078647974970638 0.000296493572006215 1.0 1.007558177954875 1.007558177954875 0.00030661954218880183
60129.97328139143 4.5 0.5 1.0074501246573087 0.0002964175523529553 1.0 1.007557873667902 1.007557873667902 -0.00010774901059340536
60129.973764773415 4.5 0.5 1.0068594290167339 0.0002962538364293735 1.0 1.0075575693809335 1.0075575693809335 -0.0006981403641996842
60129.97424815539 4.5 0.5 1.0070313736464032 0.0002963391482174235 1.0 1.0075572650939697 1.0075572650939697 -0.0005258914475665399
60129.97473153738 4.5 0.5 1.0075115144214308 0.00029645027582658214 1.0 1.0075569608069967 1.0075569608069967 -4.544638556591707e-05
60129.97521491937 4.5 0.5 1.0073346595460584 0.0002964432997010643 1.0 1.0075566565200282 1.0075566565200282 -0.0002219969739698513
60129.97569830135 4.5 0.5 1.007676368714214 0.00029643724010846 1.0 1.0075563522330597 1.0075563522330597 0.00012001648115433916
60129.97618168334 4.5 0.5 1.0075765030245736 0.0002964806241068511 1.0 1.0075560479460868 1.0075560479460868 2.0455078486802947e-05
60129.976665065326 4.5 0.5 1.007240926151299 0.00029639671215640783 1.0 1.0075557436591183 1.0075557436591183 -0.0003148175078193649
60129.97714844731 4.5 0.5 1.007695409933787 0.00029645218473199896 1.0 1.00755543937215 1.00755543937215 0.00013997056163694843
60129.9776318293 4.5 0.5 1.0074414056464813 0.00029634187600554614 1.0 1.0075551350851768 1.0075551350851768 -0.00011372943869547569
60129.97811521128 4.5 0.5 1.0072309262427013 0.00029635126178192137 1.0 1.007554830798213 1.007554830798213 -0.0003239045555116782
60129.97859859326 4.5 0.5 1.0076087422026605 0.0002964517409531329 1.0 1.0075545265112444 1.0075545265112444 5.421569141605964e-05
60129.97908197525 4.5 0.5 1.0076968278481806 0.0002964576500819805 1.0 1.0075542222242715 1.0075542222242715 0.00014260562390910891
60129.97956535724 4.5 0.5 1.0078407315529896 0.0002964384263774287 1.0 1.007553917937303 1.007553917937303 0.0002868136156866097
60129.98004873922 4.5 0.5 1.0078050104463825 0.0002964839902482008 1.0 1.0075536136503345 1.0075536136503345 0.0002513967960480201
60129.98053212121 4.5 0.5 1.0079535645997821 0.0002964650717458933 1.0 1.0075533093633615 1.0075533093633615 0.00040025523642062133
60129.98101550319 4.5 0.5 1.0073846821496766 0.0002964311059422817 1.0 1.0075530050763977 1.0075530050763977 -0.00016832292672108728
60129.98149888518 4.5 0.5 1.0072707539109997 0.00029650779123796436 1.0 1.0075527007894247 1.0075527007894247 -0.0002819468784249768
60129.981982267156 4.5 0.5 1.0077066854300025 0.000296435434410268 1.0 1.0075523965024606 1.0075523965024606 0.00015428892754187906
60129.98246564914 4.5 0.5 1.007822779594685 0.00029646867662557434 1.0 1.0075520922154924 1.0075520922154924 0.00027068737919266894
