LC/1280/2o1/results/S5_wasp-107b_ap4_bg10_Table_Save_white.txt
# %ECSV 1.0
# ---
# datatype:
# - {name: time, datatype: float64}
# - {name: wavelength, datatype: float64}
# - {name: bin_width, datatype: float64}
# - {name: lcdata, datatype: float64}
# - {name: lcerr, datatype: float64}
# - {name: transit, datatype: float64}
# - {name: polynom, datatype: float64}
# - {name: model, datatype: float64}
# - {name: residuals, datatype: float64}
# schema: astropy-2.0
time wavelength bin_width lcdata lcerr transit polynom model residuals
[from data line 1338]
59963.90092881529 9.0 3.0 1.0063741186640296 0.00043641618928333837 1.0 1.0066716281899055 1.0066716281899055 -0.0002975095258759275
59963.90100429469 9.0 3.0 1.0064958198464262 0.0004363713901840795 1.0 1.006671676506461 1.006671676506461 -0.00017585666003472333
59963.901079774085 9.0 3.0 1.005839716286886 0.00043636843847444807 1.0 1.006671724823012 1.006671724823012 -0.0008320085361259721
59963.901155253494 9.0 3.0 1.0071301410086018 0.00043659101446728876 1.0 1.006671773139572 1.006671773139572 0.00045836786902975213
59963.90123073289 9.0 3.0 1.0065861124730224 0.00043637116916370573 1.0 1.006671821456123 1.006671821456123 -8.570898310056307e-05
59963.90130621229 9.0 3.0 1.0075282144627635 0.00043647079168663996 1.0 1.0066718697726784 1.0066718697726784 0.000856344690085109
59963.90138169169 9.0 3.0 1.0061131510212187 0.00043627850962338794 1.0 1.006671918089234 1.006671918089234 -0.0005587670680153867
59963.901457171094 9.0 3.0 1.0064673512832376 0.00043641283991004793 1.0 1.0066719664057895 1.0066719664057895 -0.00020461512255187664
59963.90153265049 9.0 3.0 1.0062600542848532 0.0004363626520450316 1.0 1.0066720147223402 1.0066720147223402 -0.0004119604374870356
59963.90160812989 9.0 3.0 1.0065983591168706 0.00043629800319953813 1.0 1.006672063038896 1.006672063038896 -7.37039220253255e-05
59963.9016836093 9.0 3.0 1.0066830720598843 0.0004365760150508479 1.0 1.006672111355456 1.006672111355456 1.0960704428297774e-05
59963.901759088694 9.0 3.0 1.0062411993134484 0.0004363513640420143 1.0 1.006672159672007 1.006672159672007 -0.0004309603585586075
59963.90183456809 9.0 3.0 1.0066406223955067 0.0004364278342669911 1.0 1.0066722079885577 1.0066722079885577 -3.158559305105335e-05
59963.90191004749 9.0 3.0 1.00674775403773 0.0004364675791635815 1.0 1.0066722563051134 1.0066722563051134 7.549773261672499e-05
59963.9019855269 9.0 3.0 1.0067362263246793 0.00043630368793083407 1.0 1.0066723046216735 1.0066723046216735 6.392170300584255e-05
59963.902061006294 9.0 3.0 1.0069150209286954 0.00043664646281199777 1.0 1.0066723529382242 1.0066723529382242 0.00024266799047123477
59963.902136485696 9.0 3.0 1.005850927081643 0.0004362906150034159 1.0 1.0066724012547799 1.0066724012547799 -0.0008214741731369379
59963.90221196509 9.0 3.0 1.0072947530769651 0.00043652445319921783 1.0 1.0066724495713306 1.0066724495713306 0.000622303505634525
59963.9022874445 9.0 3.0 1.006975889158152 0.0004362842524042213 1.0 1.006672497887891 1.006672497887891 0.00030339127026102197
59963.902362923895 9.0 3.0 1.0062422477737425 0.00043630410100226546 1.0 1.0066725462044417 1.0066725462044417 -0.00043029843069919416
59963.9024384033 9.0 3.0 1.007321254284319 0.0004365855667820324 1.0 1.0066725945209973 1.0066725945209973 0.000648659763321735
59963.90251388269 9.0 3.0 1.0074063508489006 0.00043661062249172384 1.0 1.006672642837548 1.006672642837548 0.0007337080113525296
59963.9025893621 9.0 3.0 1.0064063533810839 0.0004362401856410302 1.0 1.0066726911541082 1.0066726911541082 -0.0002663377730243166
59963.902664841495 9.0 3.0 1.0070647184848835 0.00043652332536509047 1.0 1.0066727394706592 1.0066727394706592 0.0003919790142243862
59963.9027403209 9.0 3.0 1.0067175065837701 0.0004361899792384509 1.0 1.0066727877872146 1.0066727877872146 4.4718796555542895e-05
59963.90281580029 9.0 3.0 1.006667512476312 0.0004363884871390757 1.0 1.0066728361037656 1.0066728361037656 -5.323627453535096e-06
59963.9028912797 9.0 3.0 1.0070663782035418 0.0004365446075289334 1.0 1.0066728844203257 1.0066728844203257 0.0003934937832161811
59963.902966759095 9.0 3.0 1.0067055753323622 0.00043642413676280267 1.0 1.0066729327368766 1.0066729327368766 3.26425954855214e-05
59963.90304223849 9.0 3.0 1.006882976744243 0.0004364791541209514 1.0 1.0066729810534274 1.0066729810534274 0.0002099956908157008
59963.9031177179 9.0 3.0 1.0067127046864153 0.0004364582628858105 1.0 1.0066730293699875 1.0066730293699875 3.967531642778965e-05
59963.9031931973 9.0 3.0 1.0071319158963834 0.0004363780248142146 1.0 1.0066730776865431 1.0066730776865431 0.00045883820984027324
59963.903268676695 9.0 3.0 1.0067372142301332 0.00043650643850331674 1.0 1.0066731260030939 1.0066731260030939 6.408822703929395e-05
59963.90334415609 9.0 3.0 1.0075944133315764 0.000436657600359194 1.0 1.0066731743196449 1.0066731743196449 0.0009212390119315295
59963.903419635506 9.0 3.0 1.00686376708848 0.0004365078690824819 1.0 1.0066732226362096 1.0066732226362096 0.0001905444522702915
59963.9034951149 9.0 3.0 1.0064355735259005 0.00043626776643235747 1.0 1.0066732709527606 1.0066732709527606 -0.000237697426860084
59963.903570594295 9.0 3.0 1.0074105966839935 0.0004363414510865167 1.0 1.0066733192693114 1.0066733192693114 0.0007372774146821026
59963.90364607369 9.0 3.0 1.0065390145215338 0.00043635716960020086 1.0 1.0066733675858623 1.0066733675858623 -0.00013435306432851846
59963.903721553106 9.0 3.0 1.0077152791674842 0.00043664780262300795 1.0 1.006673415902427 1.006673415902427 0.0010418632650570636
59963.9037970325 9.0 3.0 1.0055019885272958 0.0004361668924169369 1.0 1.0066734642189779 1.0066734642189779 -0.0011714756916820779
59963.903872511895 9.0 3.0 1.0069383502268041 0.00043646310850001106 1.0 1.0066735125355288 1.0066735125355288 0.000264837691275277
59963.90394799129 9.0 3.0 1.006362617825593 0.0004363689605728218 1.0 1.0066735608520796 1.0066735608520796 -0.00031094302648648764
59963.904023470706 9.0 3.0 1.006392084002447 0.00043635430472570145 1.0 1.0066736091686446 1.0066736091686446 -0.0002815251661976159
59963.9040989501 9.0 3.0 1.0062630777469208 0.00043626051963869985 1.0 1.0066736574851953 1.0066736574851953 -0.0004105797382745191
59963.904174429495 9.0 3.0 1.0063464891505727 0.00043635550221220344 1.0 1.0066737058017463 1.0066737058017463 -0.0003272166511736341
59963.90424990889 9.0 3.0 1.0063699582117633 0.00043632635463479544 1.0 1.006673754118297 1.006673754118297 -0.00030379590653373256
59963.90432538831 9.0 3.0 1.00600620596174 0.0004362782097528274 1.0 1.0066738024348618 1.0066738024348618 -0.0006675964731217565
59963.9044008677 9.0 3.0 1.00677538824386 0.00043644622563152307 1.0 1.0066738507514128 1.0066738507514128 0.00010153749244712351
59963.904476347096 9.0 3.0 1.0067672817572166 0.0004363754237900223 1.0 1.0066738990679636 1.0066738990679636 9.338268925307425e-05
59963.90455182649 9.0 3.0 1.0057384905008773 0.0004362900120782349 1.0 1.0066739473845145 1.0066739473845145 -0.0009354568836372756
59963.90462730591 9.0 3.0 1.0061484764623803 0.00043635477043873854 1.0 1.0066739957010793 1.0066739957010793 -0.0005255192386990348
59963.9047027853 9.0 3.0 1.0063455051949564 0.0004363798305683025 1.0 1.0066740440176303 1.0066740440176303 -0.0003285388226739183
59963.904778264696 9.0 3.0 1.006202910677052 0.00043626546223982825 1.0 1.006674092334181 1.006674092334181 -0.00047118165712900506
59963.9048537441 9.0 3.0 1.0067805677956256 0.0004364489581042393 1.0 1.0066741406507365 1.0066741406507365 0.00010642714488917626
59963.90492922351 9.0 3.0 1.0061336052492365 0.00043644326852598694 1.0 1.0066741889672968 1.0066741889672968 -0.0005405837180603168
59963.9050047029 9.0 3.0 1.0073523561869089 0.000436600138593076 1.0 1.0066742372838475 1.0066742372838475 0.0006781189030613533
59963.905080182296 9.0 3.0 1.0067418505926347 0.0004364927071871132 1.0 1.0066742856003985 1.0066742856003985 6.756499223614654e-05
59963.905155661705 9.0 3.0 1.0060420276706974 0.0004363122746006647 1.0 1.0066743339169586 1.0066743339169586 -0.000632306246261205
59963.9052311411 9.0 3.0 1.006396024226689 0.0004363262943203439 1.0 1.0066743822335096 1.0066743822335096 -0.0002783580068206337
59963.9053066205 9.0 3.0 1.0065032354397263 0.0004362712779612358 1.0 1.006674430550065 1.006674430550065 -0.0001711951103386955
59963.905382099896 9.0 3.0 1.0056652933408645 0.0004362811437434974 1.0 1.0066744788666158 1.0066744788666158 -0.0010091855257512439
59963.905457579305 9.0 3.0 1.0070669340001623 0.00043645911802527547 1.0 1.006674527183176 1.006674527183176 0.0003924068169862682
59963.9055330587 9.0 3.0 1.0067962419396195 0.00043643381349065056 1.0 1.0066745754997268 1.0066745754997268 0.00012166643989264259
59963.9056085381 9.0 3.0 1.0074356599109553 0.0004366880777610202 1.0 1.0066746238162825 1.0066746238162825 0.0007610360946728179
59963.905684017496 9.0 3.0 1.0061821399255366 0.00043624780167890974 1.0 1.0066746721328332 1.0066746721328332 -0.0004925322072966143
59963.905759496905 9.0 3.0 1.006513648571457 0.0004364915090847476 1.0 1.0066747204493935 1.0066747204493935 -0.0001610718779365694
59963.9058349763 9.0 3.0 1.0063635432798819 0.00043639318997356036 1.0 1.0066747687659443 1.0066747687659443 -0.0003112254860624386
59963.9059104557 9.0 3.0 1.0070458814152563 0.0004365351935402261 1.0 1.0066748170824997 1.0066748170824997 0.0003710643327565766
59963.9059859351 9.0 3.0 1.0057771527994959 0.0004362079937972194 1.0 1.0066748653990507 1.0066748653990507 -0.0008977125995548452
59963.906061414506 9.0 3.0 1.0071368255287756 0.0004365578885509248 1.0 1.0066749137156108 1.0066749137156108 0.0004619118131647948
59963.9061368939 9.0 3.0 1.0070975259838943 0.00043653806807085574 1.0 1.0066749620321618 1.0066749620321618 0.00042256395173256855
59963.906212373295 9.0 3.0 1.0065186296529074 0.0004363757909865474 1.0 1.0066750103487125 1.0066750103487125 -0.00015638069580514724
59963.9062878527 9.0 3.0 1.007022893931927 0.00043642539094774217 1.0 1.0066750586652682 1.0066750586652682 0.0003478352666588247
59963.906363332106 9.0 3.0 1.006554917568027 0.0004363990482554741 1.0 1.0066751069818283 1.0066751069818283 -0.00012018941380120829
59963.9064388115 9.0 3.0 1.0073640801260537 0.00043645409823374966 1.0 1.006675155298379 1.006675155298379 0.0006889248276746862
59963.906514290895 9.0 3.0 1.0071031652769589 0.0004365907789206246 1.0 1.00667520361493 1.00667520361493 0.0004279616620288529
59963.906589770304 9.0 3.0 1.0060709192217752 0.0004363660559393896 1.0 1.00667525193149 1.00667525193149 -0.0006043327097149387
59963.906665249706 9.0 3.0 1.0055114705810018 0.0004362904762712531 1.0 1.0066753002480457 1.0066753002480457 -0.0011638296670439807
59963.9067407291 9.0 3.0 1.0066781487642065 0.00043637355685883546 1.0 1.0066753485645965 1.0066753485645965 2.800199609964693e-06
59963.906816208495 9.0 3.0 1.0067130933372257 0.00043651508326763276 1.0 1.0066753968811475 1.0066753968811475 3.769645607820671e-05
59963.90689168791 9.0 3.0 1.006931374193976 0.00043653626664082716 1.0 1.0066754451977122 1.0066754451977122 0.00025592899626381005
59963.906967167306 9.0 3.0 1.0069182959198084 0.00043648905742432005 1.0 1.006675493514263 1.006675493514263 0.000242802405545417
59963.9070426467 9.0 3.0 1.0068719063688918 0.00043643865900842567 1.0 1.006675541830814 1.006675541830814 0.00019636453807780896
59963.907118126095 9.0 3.0 1.006773418190846 0.0004363145241866366 1.0 1.0066755901473647 1.0066755901473647 9.782804348135166e-05
59963.907193605504 9.0 3.0 1.0065742494539045 0.0004364139753004839 1.0 1.006675638463925 1.006675638463925 -0.00010138901002054723
59963.907269084906 9.0 3.0 1.0070251265358685 0.0004363408165277587 1.0 1.0066756867804805 1.0066756867804805 0.00034943975538803684
59963.9073445643 9.0 3.0 1.0063076482916864 0.00043642539277080486 1.0 1.0066757350970315 1.0066757350970315 -0.0003680868053450581
59963.907420043695 9.0 3.0 1.0061494491073775 0.00043637416265721295 1.0 1.0066757834135822 1.0066757834135822 -0.0005263343062047454
59963.907495523104 9.0 3.0 1.0068890867813205 0.0004364373905195833 1.0 1.0066758317301423 1.0066758317301423 0.0002132550511781961
59963.907571002506 9.0 3.0 1.006302117561561 0.00043635425549238557 1.0 1.006675880046698 1.006675880046698 -0.00037376248513698584
59963.9076464819 9.0 3.0 1.00666296143413 0.0004363644570084333 1.0 1.0066759283632487 1.0066759283632487 -1.2966929118674031e-05
59963.907721961295 9.0 3.0 1.0069089968645908 0.0004364495380520655 1.0 1.0066759766797997 1.0066759766797997 0.00023302018479109954
59963.907797440705 9.0 3.0 1.0075072846214803 0.0004364799121891081 1.0 1.0066760249963598 1.0066760249963598 0.0008312596251205395
59963.9078729201 9.0 3.0 1.0066644176961268 0.0004365000325682854 1.0 1.0066760733129108 1.0066760733129108 -1.1655616783956546e-05
59963.9079483995 9.0 3.0 1.006438816062622 0.0004363202854959748 1.0 1.0066761216294662 1.0066761216294662 -0.00023730556684409265
59963.908023878896 9.0 3.0 1.0067830339837187 0.00043639995641842034 1.0 1.006676169946017 1.006676169946017 0.00010686403770177044
59963.908099358305 9.0 3.0 1.0074297931813456 0.0004366453106645507 1.0 1.0066762182625772 1.0066762182625772 0.0007535749187683738
59963.9081748377 9.0 3.0 1.0062448698161144 0.0004363244226379673 1.0 1.006676266579128 1.006676266579128 -0.00043139676301362506
59963.9082503171 9.0 3.0 1.0072388359954338 0.0004365259872983395 1.0 1.0066763148956837 1.0066763148956837 0.0005625210997501906
59963.9083257965 9.0 3.0 1.0073767101407634 0.0004365312236114851 1.0 1.006676363212239 1.006676363212239 0.0007003469285242758
59963.908401275905 9.0 3.0 1.0068838094079717 0.00043649348627792346 1.0 1.0066764115287947 1.0066764115287947 0.00020739787917700703
59963.9084767553 9.0 3.0 1.0061969721475148 0.0004363791100317737 1.0 1.0066764598453455 1.0066764598453455 -0.0004794876978306828
59963.908552234694 9.0 3.0 1.0059102049578217 0.0004361965560803452 1.0 1.0066765081618965 1.0066765081618965 -0.0007663032040747808
59963.90862771411 9.0 3.0 1.0067549180295576 0.00043640350795503223 1.0 1.0066765564784612 1.0066765564784612 7.836155109641751e-05
59963.908703193505 9.0 3.0 1.006478161037665 0.00043645266919933737 1.0 1.006676604795012 1.006676604795012 -0.00019844375734701103
59963.9087786729 9.0 3.0 1.0071061462209032 0.0004363860660009895 1.0 1.006676653111563 1.006676653111563 0.0004294931093402621
59963.908854152294 9.0 3.0 1.0064006215738617 0.00043631017381240856 1.0 1.0066767014281137 1.0066767014281137 -0.0002760798542520426
59963.9089296317 9.0 3.0 1.00647822712308 0.0004362873659993627 1.0 1.006676749744674 1.006676749744674 -0.00019852262159392176
59963.909005111105 9.0 3.0 1.0060508785230373 0.00043617778947967125 1.0 1.0066767980612294 1.0066767980612294 -0.0006259195381921323
59963.9090805905 9.0 3.0 1.0062756802590085 0.0004363364526763074 1.0 1.0066768463777804 1.0066768463777804 -0.0004011661187719451
59963.909156069894 9.0 3.0 1.0063084849182076 0.0004363445411478974 1.0 1.0066768946943312 1.0066768946943312 -0.0003684097761236238
59963.9092315493 9.0 3.0 1.0074592973666734 0.0004364329620586959 1.0 1.0066769430108913 1.0066769430108913 0.0007823543557821111
59963.909307028705 9.0 3.0 1.0063764328132911 0.0004364255071629073 1.0 1.006676991327447 1.006676991327447 -0.00030055851415577983
59963.9093825081 9.0 3.0 1.0062073165161647 0.0004362718400090235 1.0 1.0066770396439977 1.0066770396439977 -0.0004697231278329994
59963.909457987495 9.0 3.0 1.0060165635678602 0.00043625354087096726 1.0 1.0066770879605487 1.0066770879605487 -0.0006605243926884885
59963.909533466904 9.0 3.0 1.0066239875602785 0.00043641481964386703 1.0 1.0066771362771088 1.0066771362771088 -5.3148716830264675e-05
59963.9096089463 9.0 3.0 1.006479881645954 0.0004363065385135593 1.0 1.0066771845936597 1.0066771845936597 -0.00019730294770581303
59963.9096844257 9.0 3.0 1.007519105110218 0.00043658885091505355 1.0 1.0066772329102152 1.0066772329102152 0.0008418722000027579
59963.909759905095 9.0 3.0 1.0066041239332404 0.00043643582275352936 1.0 1.006677281226766 1.006677281226766 -7.315729352552758e-05
59963.909835384504 9.0 3.0 1.006254565130582 0.00043635243948296574 1.0 1.0066773295433262 1.0066773295433262 -0.00042276441274413656
59963.9099108639 9.0 3.0 1.007437171427036 0.00043652353348397815 1.0 1.006677377859877 1.006677377859877 0.0007597935671590506
59963.90998634329 9.0 3.0 1.0068228820110856 0.0004364229243642854 1.0 1.006677426176428 1.006677426176428 0.00014545583465763734
