LC/1280/2o1/results/S5_wasp-107b_ap4_bg10_Table_Save_white.txt
# %ECSV 1.0
# ---
# datatype:
# - {name: time, datatype: float64}
# - {name: wavelength, datatype: float64}
# - {name: bin_width, datatype: float64}
# - {name: lcdata, datatype: float64}
# - {name: lcerr, datatype: float64}
# - {name: transit, datatype: float64}
# - {name: polynom, datatype: float64}
# - {name: model, datatype: float64}
# - {name: residuals, datatype: float64}
# schema: astropy-2.0
time wavelength bin_width lcdata lcerr transit polynom model residuals
[from data line 4085]
59964.10827071664 9.0 3.0 1.0066019883700126 0.0004363105015306544 1.0 1.006804353757959 1.006804353757959 -0.00020236538794637937
59964.108346196044 9.0 3.0 1.0067309316175832 0.0004363226419822821 1.0 1.0068044020745146 1.0068044020745146 -7.347045693140153e-05
59964.10842167544 9.0 3.0 1.0066891294843305 0.00043632873897500417 1.0 1.0068044503910654 1.0068044503910654 -0.0001153209067348282
59964.108497154826 9.0 3.0 1.0072184153047024 0.0004363746879114648 1.0 1.0068044987076117 1.0068044987076117 0.00041391659709066886
59964.10857263421 9.0 3.0 1.0069907334736663 0.0004362872893122315 1.0 1.0068045470241578 1.0068045470241578 0.0001861864495085186
59964.108648113615 9.0 3.0 1.0067590923186631 0.00043623584438571563 1.0 1.0068045953407132 1.0068045953407132 -4.550302205008627e-05
59964.108723593 9.0 3.0 1.0071491159994876 0.0004363944963126011 1.0 1.0068046436572595 1.0068046436572595 0.0003444723422281193
59964.10879907239 9.0 3.0 1.0073065074405188 0.00043642009725490733 1.0 1.0068046919738056 1.0068046919738056 0.0005018154667131292
59964.108874551785 9.0 3.0 1.0073724783083828 0.00043636762240830936 1.0 1.0068047402903566 1.0068047402903566 0.0005677380180262315
59964.10895003119 9.0 3.0 1.0064199980275967 0.0004362348534717714 1.0 1.006804788606912 1.006804788606912 -0.00038479057931528615
59964.109025510574 9.0 3.0 1.007769218982491 0.000436521390995621 1.0 1.0068048369234583 1.0068048369234583 0.000964382059032598
59964.10910098996 9.0 3.0 1.0063463848587506 0.00043622310646448785 1.0 1.0068048852400044 1.0068048852400044 -0.00045850038125383463
59964.10917646935 9.0 3.0 1.0066040242045258 0.0004362220632637358 1.0 1.0068049335565508 1.0068049335565508 -0.0002009093520249916
59964.10925194875 9.0 3.0 1.0073514887297987 0.00043645792874147046 1.0 1.0068049818731062 1.0068049818731062 0.0005465068566925524
59964.10932742814 9.0 3.0 1.0068255739719945 0.00043630711028695755 1.0 1.0068050301896525 1.0068050301896525 2.0543782341952976e-05
59964.10940290753 9.0 3.0 1.0066145615328446 0.00043634166356352046 1.0 1.0068050785062033 1.0068050785062033 -0.00019051697335870088
59964.10947838692 9.0 3.0 1.0068366947689391 0.0004363886651429632 1.0 1.0068051268227496 1.0068051268227496 3.156794618952574e-05
59964.10955386632 9.0 3.0 1.006831158392746 0.00043635700313776095 1.0 1.006805175139305 1.006805175139305 2.5983253441053122e-05
59964.10962934571 9.0 3.0 1.0065772210070942 0.0004362225688016883 1.0 1.006805223455851 1.006805223455851 -0.00022800244875686992
59964.109704825096 9.0 3.0 1.0063346131148276 0.0004361560456357242 1.0 1.0068052717723974 1.0068052717723974 -0.0004706586575697891
59964.10978030448 9.0 3.0 1.0075346581036955 0.0004364388082061112 1.0 1.0068053200889435 1.0068053200889435 0.0007293380147519457
59964.109855783885 9.0 3.0 1.0072038667112269 0.0004363600972651479 1.0 1.0068053684054992 1.0068053684054992 0.0003984983057276903
59964.10993126327 9.0 3.0 1.0074736245907943 0.000436439442128076 1.0 1.0068054167220453 1.0068054167220453 0.0006682078687489934
59964.11000674267 9.0 3.0 1.0069460396115664 0.00043636917547614635 1.0 1.0068054650385962 1.0068054650385962 0.00014057457297012022
59964.11008222206 9.0 3.0 1.0068817943472599 0.0004364029372540918 1.0 1.006805513355147 1.006805513355147 7.628099211287598e-05
59964.110157701456 9.0 3.0 1.006326635221607 0.00043614054431188664 1.0 1.006805561671698 1.006805561671698 -0.00047892645009106616
59964.11023318084 9.0 3.0 1.007372190622271 0.0004363979466998937 1.0 1.006805609988244 1.006805609988244 0.0005665806340269253
59964.11030866023 9.0 3.0 1.0068826814332406 0.0004363759411647225 1.0 1.0068056583047904 1.0068056583047904 7.70231284501488e-05
59964.11038413963 9.0 3.0 1.0067149792856624 0.00043628762614797694 1.0 1.0068057066213458 1.0068057066213458 -9.072733568338265e-05
59964.11045961902 9.0 3.0 1.0066142800254958 0.00043621860702174764 1.0 1.006805754937892 1.006805754937892 -0.0001914749123961279
59964.110535098414 9.0 3.0 1.0063693311891466 0.0004363858050581409 1.0 1.006805803254443 1.006805803254443 -0.00043647206529628946
59964.1106105778 9.0 3.0 1.006927939572077 0.0004364027475104263 1.0 1.006805851570989 1.006805851570989 0.00012208800108792772
59964.1106860572 9.0 3.0 1.0067164085005975 0.0004362699292638444 1.0 1.0068058998875447 1.0068058998875447 -8.94913869471381e-05
59964.11076153659 9.0 3.0 1.007259971742576 0.0004364166852630048 1.0 1.0068059482040908 1.0068059482040908 0.0004540235384853375
59964.11083701598 9.0 3.0 1.007166444239754 0.0004363602096155157 1.0 1.006805996520637 1.006805996520637 0.00036044771911702966
59964.110912495365 9.0 3.0 1.0075633502106023 0.00043656989269742443 1.0 1.0068060448371832 1.0068060448371832 0.0007573053734191149
59964.11098797477 9.0 3.0 1.0064621113536996 0.00043623453648996023 1.0 1.0068060931537388 1.0068060931537388 -0.0003439818000392503
59964.111063454155 9.0 3.0 "" "" 1.0 1.006806141470285 1.006806141470285 ""
59964.11113893355 9.0 3.0 1.0070432560325515 0.00043635505132646275 1.0 1.006806189786836 1.006806189786836 0.00023706624571562251
59964.11121441294 9.0 3.0 1.0069027712218768 0.00043649489923759985 1.0 1.006806238103382 1.006806238103382 9.65331184947793e-05
59964.11128989234 9.0 3.0 1.0068649226537931 0.0004363224510666965 1.0 1.0068062864199374 1.0068062864199374 5.863623385571337e-05
59964.111365371726 9.0 3.0 1.0070688300944926 0.0004363505770443525 1.0 1.0068063347364837 1.0068063347364837 0.0002624953580088185
59964.11144085111 9.0 3.0 1.0070192222311916 0.0004363682172606665 1.0 1.0068063830530298 1.0068063830530298 0.00021283917816172782
59964.1115163305 9.0 3.0 1.0071328197879377 0.0004363839640801919 1.0 1.0068064313695761 1.0068064313695761 0.0003263884183615229
59964.1115918099 9.0 3.0 1.006409538874717 0.0004361986247441508 1.0 1.0068064796861316 1.0068064796861316 -0.00039694081141461446
59964.11166728929 9.0 3.0 1.007347612998462 0.000436377987364633 1.0 1.006806528002678 1.006806528002678 0.0005410849957840913
59964.111742768684 9.0 3.0 1.0066826813282135 0.0004362205330373119 1.0 1.0068065763192287 1.0068065763192287 -0.0001238949910151721
59964.11181824808 9.0 3.0 1.0073726591513676 0.00043642468239649265 1.0 1.0068066246357796 1.0068066246357796 0.0005660345155880098
59964.11189372747 9.0 3.0 1.0067299213206637 0.00043623019344360615 1.0 1.0068066729523304 1.0068066729523304 -7.675163166664944e-05
59964.11196920686 9.0 3.0 1.0064254400935106 0.00043627056120694685 1.0 1.0068067212688767 1.0068067212688767 -0.0003812811753660661
59964.11204468625 9.0 3.0 1.006825666541474 0.00043634549919453454 1.0 1.0068067695854228 1.0068067695854228 1.8896956051284164e-05
59964.11212016565 9.0 3.0 1.0063138011542951 0.0004362988456119931 1.0 1.0068068179019785 1.0068068179019785 -0.0004930167476833169
59964.11219564504 9.0 3.0 1.0066280620305628 0.00043651416563756355 1.0 1.0068068662185246 1.0068068662185246 -0.00017880418796178965
59964.112271124424 9.0 3.0 1.0072786903500275 0.00043633080181386716 1.0 1.0068069145350707 1.0068069145350707 0.00047177581495683185
59964.11234660382 9.0 3.0 1.0063828936912027 0.00043625120790429856 1.0 1.0068069628516216 1.0068069628516216 -0.0004240691604189273
59964.11242208322 9.0 3.0 1.0074515938066462 0.00043646609807701655 1.0 1.006807011168177 1.006807011168177 0.0006445826384691156
59964.11249756261 9.0 3.0 1.00706057406415 0.0004364011276036021 1.0 1.0068070594847234 1.0068070594847234 0.00025351457942668354
59964.112573041995 9.0 3.0 1.0075345465503636 0.0004363606532567865 1.0 1.0068071078012695 1.0068071078012695 0.0007274387490940892
59964.11264852138 9.0 3.0 1.0062698874722458 0.0004362404841311905 1.0 1.0068071561178158 1.0068071561178158 -0.0005372686455700215
59964.112724000785 9.0 3.0 1.0069286534897635 0.0004362862146763124 1.0 1.0068072044343712 1.0068072044343712 0.00012144905539224204
59964.11279948017 9.0 3.0 1.0062251011697727 0.0004362573600743604 1.0 1.0068072527509175 1.0068072527509175 -0.0005821515811448297
