LC/1280/2o1/results/S5_wasp-107b_ap4_bg10_Table_Save_white.txt
# %ECSV 1.0
# ---
# datatype:
# - {name: time, datatype: float64}
# - {name: wavelength, datatype: float64}
# - {name: bin_width, datatype: float64}
# - {name: lcdata, datatype: float64}
# - {name: lcerr, datatype: float64}
# - {name: transit, datatype: float64}
# - {name: polynom, datatype: float64}
# - {name: model, datatype: float64}
# - {name: residuals, datatype: float64}
# schema: astropy-2.0
time wavelength bin_width lcdata lcerr transit polynom model residuals
[from data line 852]
59963.864245826415 9.0 3.0 1.0069444723312617 0.00043646467157366155 1.0 1.0066481463441987 1.0066481463441987 0.0002963259870629731
59963.864321305824 9.0 3.0 1.0064442082182423 0.0004363955783847904 1.0 1.006648194660759 1.006648194660759 -0.0002039864425167348
59963.864396785226 9.0 3.0 1.0059562998273157 0.00043624726050090504 1.0 1.0066482429773145 1.0066482429773145 -0.0006919431499987638
59963.86447226463 9.0 3.0 1.0068207083890381 0.00043641814906719185 1.0 1.00664829129387 1.00664829129387 0.00017241709516824244
59963.86454774402 9.0 3.0 1.0065802401075856 0.00043646574309950335 1.0 1.0066483396104209 1.0066483396104209 -6.809950283526156e-05
59963.86462322344 9.0 3.0 1.0067000658669272 0.000436283660634483 1.0 1.0066483879269856 1.0066483879269856 5.167793994154124e-05
59963.86469870283 9.0 3.0 1.0074013044201924 0.00043679051672088667 1.0 1.0066484362435366 1.0066484362435366 0.0007528681766557632
59963.864774182235 9.0 3.0 1.006618069607992 0.00043638030342994636 1.0 1.006648484560092 1.006648484560092 -3.0414952099988568e-05
59963.86484966163 9.0 3.0 1.0063775040332499 0.0004364381091329712 1.0 1.006648532876643 1.006648532876643 -0.0002710288433931396
59963.86492514104 9.0 3.0 1.0059479426756788 0.0004363668612988629 1.0 1.006648581193203 1.006648581193203 -0.0007006385175243324
59963.86500062044 9.0 3.0 1.0069693970622853 0.000436482122961736 1.0 1.0066486295097585 1.0066486295097585 0.00032076755252674616
59963.865076099835 9.0 3.0 1.0055218706095064 0.0004363202406978893 1.0 1.0066486778263095 1.0066486778263095 -0.0011268072168031384
59963.86515157924 9.0 3.0 1.0067303098410756 0.0004364485624437229 1.0 1.006648726142865 1.006648726142865 8.158369821065214e-05
59963.865227058646 9.0 3.0 1.0062460965455489 0.0004363016474696284 1.0 1.0066487744594252 1.0066487744594252 -0.0004026779138763814
59963.86530253805 9.0 3.0 1.0069720438874303 0.00043640886861424124 1.0 1.0066488227759807 1.0066488227759807 0.0003232211114496675
59963.86537801744 9.0 3.0 1.0055610937758885 0.0004361218222569038 1.0 1.0066488710925316 1.0066488710925316 -0.0010877773166431126
59963.865453496845 9.0 3.0 1.0069093398610365 0.00043662197558979855 1.0 1.006648919409087 1.006648919409087 0.0002604204519494058
59963.865528976254 9.0 3.0 1.0064859751015545 0.00043633142574327986 1.0 1.0066489677256472 1.0066489677256472 -0.00016299262409269488
59963.865604455656 9.0 3.0 1.0062013040493714 0.0004364583275672315 1.0 1.0066490160422028 1.0066490160422028 -0.00044771199283144547
59963.86567993505 9.0 3.0 1.0069450067570058 0.00043653392118751566 1.0 1.0066490643587536 1.0066490643587536 0.000295942398252258
59963.865755414445 9.0 3.0 1.005534826875753 0.0004361215830268284 1.0 1.0066491126753045 1.0066491126753045 -0.0011142857995516398
59963.86583089386 9.0 3.0 1.0064577051178034 0.00043647713328144974 1.0 1.0066491609918693 1.0066491609918693 -0.00019145587406588227
59963.865906373256 9.0 3.0 1.0055754428296584 0.000436271797311569 1.0 1.0066492093084203 1.0066492093084203 -0.001073766478761895
59963.86598185266 9.0 3.0 1.005710183680639 0.00043617310678078087 1.0 1.0066492576249757 1.0066492576249757 -0.0009390739443366769
59963.86605733206 9.0 3.0 1.006764538181089 0.0004364367978281688 1.0 1.0066493059415311 1.0066493059415311 0.00011523223955789419
59963.86613281147 9.0 3.0 1.0070148503896876 0.00043645148830293923 1.0 1.0066493542580914 1.0066493542580914 0.0003654961315961991
59963.86620829086 9.0 3.0 1.006573237453918 0.00043643962150695484 1.0 1.0066494025746422 1.0066494025746422 -7.616512072416981e-05
59963.866283770265 9.0 3.0 1.006792000261559 0.0004364663269416356 1.0 1.0066494508911978 1.0066494508911978 0.00014254937036106696
59963.866359249674 9.0 3.0 1.0072196619546971 0.00043651931284114493 1.0 1.006649499207758 1.006649499207758 0.0005701627469392179
59963.86643472907 9.0 3.0 1.0052126570542774 0.0004361807652374112 1.0 1.006649547524309 1.006649547524309 -0.0014368904700314822
59963.86651020847 9.0 3.0 1.0064189285418674 0.0004364122705855577 1.0 1.0066495958408643 1.0066495958408643 -0.00023066729899690053
59963.866585687865 9.0 3.0 1.0057295132323008 0.0004362282288737802 1.0 1.006649644157415 1.006649644157415 -0.0009201309251143375
59963.86666116728 9.0 3.0 1.0064404758457988 0.00043649963226628346 1.0 1.00664969247398 1.00664969247398 -0.00020921662818129683
59963.866736646676 9.0 3.0 1.0063716575057704 0.0004363511819611906 1.0 1.0066497407905308 1.0066497407905308 -0.000278083284760422
59963.86681212608 9.0 3.0 1.0062058400975067 0.0004363916055181209 1.0 1.0066497891070865 1.0066497891070865 -0.00044394900957978045
59963.86688760547 9.0 3.0 1.006730445085518 0.00043640186326350083 1.0 1.0066498374236372 1.0066498374236372 8.06076618806717e-05
59963.86696308488 9.0 3.0 1.0068770005519136 0.00043661832162751536 1.0 1.0066498857401975 1.0066498857401975 0.00022711481171611148
59963.86703856428 9.0 3.0 1.006940362624611 0.00043648181953570613 1.0 1.006649934056753 1.006649934056753 0.0002904285678579921
59963.86711404368 9.0 3.0 1.0056884477591137 0.0004362596392402149 1.0 1.0066499823733037 1.0066499823733037 -0.0009615346141900183
59963.86718952308 9.0 3.0 1.007237437015329 0.00043657742890941195 1.0 1.0066500306898594 1.0066500306898594 0.0005874063254696082
59963.86726500249 9.0 3.0 1.007041681747148 0.00043653594269227813 1.0 1.0066500790064195 1.0066500790064195 0.00039160274072846946
59963.86734048189 9.0 3.0 1.0055892594444225 0.00043620960501032023 1.0 1.006650127322975 1.006650127322975 -0.0010608678785526404
59963.867415961286 9.0 3.0 1.0071337698646181 0.0004366523930458407 1.0 1.0066501756395259 1.0066501756395259 0.00048359422509225425
59963.86749144069 9.0 3.0 1.0072794508467122 0.0004365939892936981 1.0 1.0066502239560815 1.0066502239560815 0.0006292268906307186
59963.8675669201 9.0 3.0 1.005869655923741 0.00043618216428486253 1.0 1.0066502722726416 1.0066502722726416 -0.0007806163489005868
59963.86764239949 9.0 3.0 1.0065237323416156 0.0004363472230193463 1.0 1.0066503205891923 1.0066503205891923 -0.00012658824757671994
59963.86771787889 9.0 3.0 1.006937888743208 0.0004364164520073271 1.0 1.006650368905748 1.006650368905748 0.0002875198374601151
59963.867793358295 9.0 3.0 1.006332396993624 0.000436384099762063 1.0 1.0066504172223034 1.0066504172223034 -0.0003180202286794387
59963.867868837704 9.0 3.0 1.0064636089421555 0.0004364492703653508 1.0 1.0066504655388637 1.0066504655388637 -0.0001868565967082514
59963.8679443171 9.0 3.0 1.0064566903790297 0.00043652280010168456 1.0 1.0066505138554145 1.0066505138554145 -0.00019382347638474684
59963.8680197965 9.0 3.0 1.006146655506414 0.0004362903478054459 1.0 1.00665056217197 1.00665056217197 -0.0005039066655558866
59963.8680952759 9.0 3.0 1.0058726597460685 0.00043638452901026544 1.0 1.0066506104885256 1.0066506104885256 -0.000777950742457012
59963.868170755304 9.0 3.0 1.0068668412024273 0.0004364844833276344 1.0 1.006650658805081 1.006650658805081 0.0002161823973463317
59963.868246234706 9.0 3.0 1.0070954195951973 0.00043649626087201163 1.0 1.0066507071216366 1.0066507071216366 0.0004447124735607044
59963.8683217141 9.0 3.0 1.006518513883124 0.0004363705220019508 1.0 1.0066507554381874 1.0066507554381874 -0.00013224155506330604
59963.86839719352 9.0 3.0 1.006967986587403 0.0004364155365538134 1.0 1.0066508037547524 1.0066508037547524 0.0003171828326506976
59963.86847267291 9.0 3.0 1.0060402536503816 0.0004362115315867736 1.0 1.0066508520713031 1.0066508520713031 -0.0006105984209214821
59963.86854815231 9.0 3.0 1.006690541557486 0.00043659087072401523 1.0 1.0066509003878585 1.0066509003878585 3.9641169627513406e-05
59963.86862363171 9.0 3.0 1.0057408388556626 0.0004362525359246939 1.0 1.0066509487044095 1.0066509487044095 -0.0009101098487469539
59963.86869911112 9.0 3.0 1.0062687222376576 0.000436367886668594 1.0 1.0066509970209696 1.0066509970209696 -0.0003822747833119866
59963.86877459052 9.0 3.0 1.0061186357190448 0.0004363285940418456 1.0 1.0066510453375253 1.0066510453375253 -0.000532409618480445
59963.86885006991 9.0 3.0 1.006067054470947 0.00043619539228823543 1.0 1.006651093654076 1.006651093654076 -0.0005840391831291036
59963.868925549315 9.0 3.0 1.0069852023699208 0.00043649347021435496 1.0 1.0066511419706317 1.0066511419706317 0.0003340603992891822
59963.869001028725 9.0 3.0 1.006498591572422 0.0004363307546568096 1.0 1.0066511902871917 1.0066511902871917 -0.00015259871476969167
59963.86907650813 9.0 3.0 1.006602538151516 0.000436341460628673 1.0 1.0066512386037472 1.0066512386037472 -4.8700452231154046e-05
59963.86915198752 9.0 3.0 1.006291361119482 0.00043649278926318966 1.0 1.0066512869202981 1.0066512869202981 -0.0003599258008162298
59963.869227466916 9.0 3.0 1.006567899237713 0.00043646991630522753 1.0 1.006651335236849 1.006651335236849 -8.343599913596123e-05
59963.86930294633 9.0 3.0 1.0073210590469062 0.0004364146125002526 1.0 1.0066513835534139 1.0066513835534139 0.0006696754934922833
59963.86937842573 9.0 3.0 1.0068872775734639 0.0004365130571135557 1.0 1.0066514318699646 1.0066514318699646 0.00023584570349921563
59963.86945390513 9.0 3.0 1.0067393338928972 0.000436392153805702 1.0 1.0066514801865203 1.0066514801865203 8.785370637687251e-05
59963.86952938453 9.0 3.0 1.0058330779545521 0.0004362407729773107 1.0 1.0066515285030757 1.0066515285030757 -0.000818450548523586
59963.86960486394 9.0 3.0 1.0071170750461327 0.0004364706303356546 1.0 1.0066515768196358 1.0066515768196358 0.00046549822649688544
59963.869680343334 9.0 3.0 1.0062152702256628 0.0004362701907789253 1.0 1.0066516251361868 1.0066516251361868 -0.0004363549105239617
59963.86975582273 9.0 3.0 1.0062270550764816 0.0004365014587284549 1.0 1.0066516734527375 1.0066516734527375 -0.00042461837625595855
59963.86983130214 9.0 3.0 1.0068288169075725 0.00043637848650780893 1.0 1.0066517217692978 1.0066517217692978 0.00017709513827468548
59963.86990678154 9.0 3.0 1.00659709336402 0.0004364412557493017 1.0 1.0066517700858533 1.0066517700858533 -5.4676721833235575e-05
59963.86998226094 9.0 3.0 1.0067246919269597 0.00043648014212658887 1.0 1.006651818402409 1.006651818402409 7.287352455076501e-05
59963.870057740336 9.0 3.0 1.00720026079059 0.0004365013311012882 1.0 1.0066518667189597 1.0066518667189597 0.0005483940716304314
59963.87013321975 9.0 3.0 1.007093903946056 0.0004364499444844585 1.0 1.0066519150355244 1.0066519150355244 0.00044198891053159883
59963.87020869915 9.0 3.0 "" "" 1.0 1.0066519633520754 1.0066519633520754 ""
59963.87028417854 9.0 3.0 1.0069732725530252 0.0004365563126944646 1.0 1.0066520116686262 1.0066520116686262 0.00032126088439898837
59963.87035965794 9.0 3.0 1.006559608385414 0.0004364838602141133 1.0 1.0066520599851818 1.0066520599851818 -9.245159976778439e-05
59963.87043513735 9.0 3.0 1.006694901938165 0.0004364910189598642 1.0 1.006652108301742 1.006652108301742 4.279363642312184e-05
59963.870510616754 9.0 3.0 1.0071475481613805 0.00043660974340352165 1.0 1.0066521566182975 1.0066521566182975 0.0004953915430829792
59963.87058609615 9.0 3.0 1.006809183604057 0.0004364484349339346 1.0 1.0066522049348483 1.0066522049348483 0.00015697866920860726
59963.87066157555 9.0 3.0 1.0073928959201055 0.0004365599094536064 1.0 1.0066522532514037 1.0066522532514037 0.0007406426687017742
59963.87073705496 9.0 3.0 1.0070327482640196 0.0004365792025034169 1.0 1.006652301567964 1.006652301567964 0.0003804466960555253
59963.870812534355 9.0 3.0 1.0066738529934829 0.00043636227681257355 1.0 1.0066523498845148 1.0066523498845148 2.15031089680906e-05
59963.87088801376 9.0 3.0 1.0064430354324283 0.00043644062578497404 1.0 1.0066523982010704 1.0066523982010704 -0.00020936276864214065
59963.87096349315 9.0 3.0 1.0062139416695306 0.00043637246400715207 1.0 1.0066524465176212 1.0066524465176212 -0.00043850484809060397
59963.87103897257 9.0 3.0 1.0064674545619856 0.0004365241413288576 1.0 1.006652494834186 1.006652494834186 -0.00018504027220034303
59963.87111445196 9.0 3.0 1.005932279269174 0.00043633515842233394 1.0 1.006652543150737 1.006652543150737 -0.000720263881562877
59963.87118993136 9.0 3.0 1.0069989924526055 0.0004363518468645992 1.0 1.0066525914672877 1.0066525914672877 0.0003464009853177963
59963.87126541076 9.0 3.0 1.0065782042844058 0.00043651247627532187 1.0 1.0066526397838433 1.0066526397838433 -7.44354994375307e-05
59963.87134089017 9.0 3.0 1.006372011017187 0.00043622834745202455 1.0 1.0066526881004034 1.0066526881004034 -0.0002806770832164407
59963.87141636957 9.0 3.0 1.0065146776221208 0.00043648992160116916 1.0 1.006652736416959 1.006652736416959 -0.00013805879483830275
59963.871491848964 9.0 3.0 1.006732747706732 0.00043643481247327684 1.0 1.0066527847335098 1.0066527847335098 7.996297322221402e-05
59963.87156732837 9.0 3.0 1.0063498219104299 0.000436375434430026 1.0 1.00665283305007 1.00665283305007 -0.00030301113964004145
59963.871642807775 9.0 3.0 1.0059151182769708 0.00043620948203217715 1.0 1.0066528813666256 1.0066528813666256 -0.000737763089654786
59963.87171828717 9.0 3.0 1.0066156820442382 0.00043637872995152627 1.0 1.0066529296831763 1.0066529296831763 -3.7247638938087135e-05
59963.87179376657 9.0 3.0 1.0062227179313963 0.0004364221589329988 1.0 1.006652977999732 1.006652977999732 -0.0004302600683356861
59963.87186924598 9.0 3.0 1.0064612076669464 0.00043638328625730815 1.0 1.006653026316292 1.006653026316292 -0.0001918186493456986
59963.87194472538 9.0 3.0 1.0065851389847686 0.0004363909272343926 1.0 1.0066530746328477 1.0066530746328477 -6.793564807905383e-05
59963.87202020478 9.0 3.0 1.0073563594614459 0.0004365336729866225 1.0 1.0066531229493985 1.0066531229493985 0.0007032365120474005
59963.87209568417 9.0 3.0 1.0058763832270545 0.00043622129398500635 1.0 1.0066531712659494 1.0066531712659494 -0.0007767880388949155
59963.87217116359 9.0 3.0 1.0062280813542819 0.0004363167615710621 1.0 1.0066532195825142 1.0066532195825142 -0.0004251382282323135
59963.87224664298 9.0 3.0 1.0067236353315883 0.00043643704008722854 1.0 1.006653267899065 1.006653267899065 7.036743252331057e-05
59963.872322122385 9.0 3.0 1.00652851386193 0.0004364787331295434 1.0 1.0066533162156206 1.0066533162156206 -0.00012480235369061177
59963.87239760178 9.0 3.0 1.006353921420735 0.000436251610152537 1.0 1.0066533645321714 1.0066533645321714 -0.00029944311143625946
59963.872473081195 9.0 3.0 1.0057463811508167 0.0004362425270061323 1.0 1.0066534128487363 1.0066534128487363 -0.0009070316979196136
59963.87254856059 9.0 3.0 1.0068122186171222 0.00043628238711027447 1.0 1.006653461165287 1.006653461165287 0.00015875745183513423
59963.872624039985 9.0 3.0 1.0065614542443428 0.00043639579131396874 1.0 1.0066535094818378 1.0066535094818378 -9.205523749500344e-05
59963.87269951939 9.0 3.0 1.006684691614296 0.00043647533232396503 1.0 1.0066535577983935 1.0066535577983935 3.1133815902473216e-05
59963.872774998796 9.0 3.0 1.0060394626327491 0.00043628777552529887 1.0 1.0066536061149536 1.0066536061149536 -0.0006141434822044545
59963.8728504782 9.0 3.0 1.00672413934199 0.0004365317236252199 1.0 1.0066536544315092 1.0066536544315092 7.048491048067262e-05
59963.87292595759 9.0 3.0 1.005834987966316 0.0004363140970667106 1.0 1.00665370274806 1.00665370274806 -0.000818714781744001
59963.87300143699 9.0 3.0 1.0065626666060854 0.00043635226320554795 1.0 1.006653751064611 1.006653751064611 -9.10844585255699e-05
59963.8730769164 9.0 3.0 1.0067812753565404 0.0004365200219540092 1.0 1.0066537993811757 1.0066537993811757 0.00012747597536466593
59963.8731523958 9.0 3.0 1.0060708629706807 0.00043625533155664003 1.0 1.0066538476977265 1.0066538476977265 -0.0005829847270457655
59963.8732278752 9.0 3.0 1.00697841845187 0.0004364728904248529 1.0 1.0066538960142821 1.0066538960142821 0.0003245224375878486
59963.8733033546 9.0 3.0 1.0074255386564075 0.00043671021817299495 1.0 1.0066539443308375 1.0066539443308375 0.0007715943255699464
