LC/1280/2o1/results/S5_wasp-107b_ap4_bg10_Table_Save_white.txt
# %ECSV 1.0
# ---
# datatype:
# - {name: time, datatype: float64}
# - {name: wavelength, datatype: float64}
# - {name: bin_width, datatype: float64}
# - {name: lcdata, datatype: float64}
# - {name: lcerr, datatype: float64}
# - {name: transit, datatype: float64}
# - {name: polynom, datatype: float64}
# - {name: model, datatype: float64}
# - {name: residuals, datatype: float64}
# schema: astropy-2.0
time wavelength bin_width lcdata lcerr transit polynom model residuals
[from data line 366]
59963.82756283686 9.0 3.0 1.0059158567404942 0.000436276306909137 1.0 1.0066246644980543 1.0066246644980543 -0.0007088077575601037
59963.82763831627 9.0 3.0 1.0063766423405174 0.0004365114315817374 1.0 1.0066247128146144 1.0066247128146144 -0.00024807047409702854
59963.82771379566 9.0 3.0 1.0072185799074376 0.0004365548764100383 1.0 1.0066247611311654 1.0066247611311654 0.0005938187762721814
59963.82778927506 9.0 3.0 1.0065631199494227 0.0004363624270470601 1.0 1.0066248094477208 1.0066248094477208 -6.168949829810089e-05
59963.82786475448 9.0 3.0 1.0062673516238125 0.00043631706827999757 1.0 1.0066248577642856 1.0066248577642856 -0.00035750614047302953
59963.827940233874 9.0 3.0 1.0078574513922267 0.0004367097329835416 1.0 1.0066249060808365 1.0066249060808365 0.0012325453113901652
59963.828015713276 9.0 3.0 1.0067229644449647 0.0004363805464002792 1.0 1.006624954397392 1.006624954397392 9.801004757270526e-05
59963.82809119268 9.0 3.0 1.0070413896867194 0.0004366612953247892 1.0 1.0066250027139476 1.0066250027139476 0.00041638697277179837
59963.82816667209 9.0 3.0 1.0064893857366852 0.00043638503506573045 1.0 1.0066250510305077 1.0066250510305077 -0.0001356652938224734
59963.82824215149 9.0 3.0 1.0068074994124039 0.00043654798740647946 1.0 1.0066250993470631 1.0066250993470631 0.0001824000653407598
59963.82831763089 9.0 3.0 1.0066655324149538 0.0004364359523873175 1.0 1.0066251476636188 1.0066251476636188 4.038475133505415e-05
59963.828393110285 9.0 3.0 1.0066702535187015 0.00043645267361210597 1.0 1.0066251959801695 1.0066251959801695 4.5057538532011776e-05
59963.8284685897 9.0 3.0 1.0068042392847663 0.00043648919827624 1.0 1.0066252442967345 1.0066252442967345 0.0001789949880317554
59963.8285440691 9.0 3.0 1.0072471150034703 0.000436510579126296 1.0 1.00662529261329 1.00662529261329 0.0006218223901803821
59963.8286195485 9.0 3.0 1.006618718474988 0.0004365179442074203 1.0 1.006625340929841 1.006625340929841 -6.62245485294477e-06
59963.8286950279 9.0 3.0 1.0063718898115226 0.0004364420983642607 1.0 1.0066253892463963 1.0066253892463963 -0.0002534994348737385
59963.82877050731 9.0 3.0 1.006118833366614 0.0004362280985561247 1.0 1.0066254375629564 1.0066254375629564 -0.0005066041963424084
59963.82884598671 9.0 3.0 1.0069559580697531 0.00043649129907922304 1.0 1.006625485879512 1.006625485879512 0.0003304721902410712
59963.82892146611 9.0 3.0 1.0063322264722565 0.0004364647103455921 1.0 1.0066255341960675 1.0066255341960675 -0.00029330772381097603
59963.82899694551 9.0 3.0 1.0062854029843626 0.00043645036191585396 1.0 1.0066255825126185 1.0066255825126185 -0.000340179528255824
59963.829072424924 9.0 3.0 1.0070942904414946 0.0004364378033219155 1.0 1.0066256308291832 1.0066256308291832 0.00046865961231135067
59963.829147904326 9.0 3.0 1.0068148994008574 0.0004366331396886557 1.0 1.0066256791457389 1.0066256791457389 0.00018922025511858287
59963.82922338372 9.0 3.0 1.0072536673223689 0.00043644593194863647 1.0 1.0066257274622896 1.0066257274622896 0.0006279398600792518
59963.82929886313 9.0 3.0 1.0067656069904134 0.00043635030858730237 1.0 1.0066257757788497 1.0066257757788497 0.00013983121156369016
59963.82937434254 9.0 3.0 1.0070513299679538 0.0004364690880860414 1.0 1.00662582409541 1.00662582409541 0.00042550587254375216
59963.82944982193 9.0 3.0 1.0058271417712303 0.00043624320873776384 1.0 1.0066258724119608 1.0066258724119608 -0.0007987306407304384
59963.829525301335 9.0 3.0 1.0067458367567788 0.00043648033569108777 1.0 1.0066259207285164 1.0066259207285164 0.0001199160282623346
59963.82960078075 9.0 3.0 1.0067307092401552 0.00043630359877661295 1.0 1.0066259690450812 1.0066259690450812 0.00010474019507400456
59963.829676260146 9.0 3.0 1.0069405389543127 0.00043652618398593615 1.0 1.006626017361632 1.006626017361632 0.00031452159268074986
59963.82975173955 9.0 3.0 1.0068160521658331 0.0004366405706742757 1.0 1.0066260656781876 1.0066260656781876 0.00018998648764556592
59963.82982721894 9.0 3.0 1.0068530688198072 0.0004365000105305378 1.0 1.0066261139947383 1.0066261139947383 0.000226954825068848
59963.82990269836 9.0 3.0 1.007381122178378 0.00043651084586285267 1.0 1.0066261623113033 1.0066261623113033 0.0007549598670746338
59963.82997817776 9.0 3.0 1.0066482526687242 0.00043646337701768275 1.0 1.0066262106278587 1.0066262106278587 2.2042040865422052e-05
59963.830053657155 9.0 3.0 1.0059233285380764 0.0004362940205491863 1.0 1.0066262589444097 1.0066262589444097 -0.0007029304063332908
59963.83012913656 9.0 3.0 1.0067477348808906 0.0004364365542683223 1.0 1.0066263072609651 1.0066263072609651 0.0001214276199255071
59963.83020461597 9.0 3.0 1.005772209190486 0.0004362640141599545 1.0 1.0066263555775299 1.0066263555775299 -0.0008541463870439525
59963.83028009537 9.0 3.0 1.0066050344456658 0.00043647590963106814 1.0 1.0066264038940809 1.0066264038940809 -2.1369448415020642e-05
59963.83035557477 9.0 3.0 1.006892551810042 0.00043639689574289053 1.0 1.0066264522106363 1.0066264522106363 0.0002660995994057114
59963.83043105417 9.0 3.0 1.0071209823771639 0.00043645546130079084 1.0 1.006626500527192 1.006626500527192 0.0004944818499719172
59963.83050653358 9.0 3.0 1.0063267227839405 0.000436447637634361 1.0 1.006626548843752 1.006626548843752 -0.00029982605981149213
59963.83058201298 9.0 3.0 1.0056971144499205 0.0004362305243826541 1.0 1.0066265971603077 1.0066265971603077 -0.000929482710387175
59963.83065749238 9.0 3.0 1.0056237249046271 0.00043625362977754766 1.0 1.0066266454768584 1.0066266454768584 -0.0010029205722312806
59963.83073297178 9.0 3.0 1.006256607586731 0.0004363258076863657 1.0 1.0066266937934139 1.0066266937934139 -0.0003700862066828847
59963.830808451195 9.0 3.0 1.0076685847392257 0.0004365900079059307 1.0 1.0066267421099788 1.0066267421099788 0.0010418426292468919
59963.83088393059 9.0 3.0 1.0074646580857969 0.00043659292706869235 1.0 1.0066267904265296 1.0066267904265296 0.0008378676592672996
59963.83095940999 9.0 3.0 1.0067917307607488 0.0004365881730545693 1.0 1.0066268387430852 1.0066268387430852 0.00016489201766356487
59963.8310348894 9.0 3.0 1.0063328316745486 0.00043627641040702876 1.0 1.0066268870596453 1.0066268870596453 -0.00029405538509674756
59963.8311103688 9.0 3.0 1.0071319115400104 0.00043671591879039675 1.0 1.0066269353762007 1.0066269353762007 0.0005049761638096228
59963.831185848205 9.0 3.0 1.006483600108378 0.0004365113331497751 1.0 1.0066269836927564 1.0066269836927564 -0.00014338358437848697
59963.8312613276 9.0 3.0 1.0068655080415718 0.0004365359859923682 1.0 1.0066270320093071 1.0066270320093071 0.0002384760322646784
59963.831336807016 9.0 3.0 1.006945400447546 0.0004364875544771083 1.0 1.0066270803258721 1.0066270803258721 0.00031832012167387624
59963.83141228642 9.0 3.0 1.0065976522500408 0.000436424257954323 1.0 1.0066271286424275 1.0066271286424275 -2.9476392386706962e-05
59963.83148776581 9.0 3.0 1.0063859277655884 0.0004363212426992643 1.0 1.0066271769589785 1.0066271769589785 -0.00024124919339008066
59963.831563245214 9.0 3.0 1.0067399493694975 0.00043644707655648074 1.0 1.006627225275534 1.006627225275534 0.00011272409396356764
59963.83163872463 9.0 3.0 1.0060517172074972 0.0004363069925070222 1.0 1.0066272735920987 1.0066272735920987 -0.0005755563846014944
59963.831714204025 9.0 3.0 1.0064586481508313 0.0004364531098078748 1.0 1.0066273219086497 1.0066273219086497 -0.00016867375781837168
59963.83178968343 9.0 3.0 1.0061468972834284 0.00043638796280140495 1.0 1.006627370225205 1.006627370225205 -0.0004804729417766662
59963.83186516283 9.0 3.0 1.006446134953447 0.00043633873279746863 1.0 1.0066274185417607 1.0066274185417607 -0.0001812835883137076
59963.83194064224 9.0 3.0 1.006464546517459 0.00043647653928948344 1.0 1.0066274668583208 1.0066274668583208 -0.00016292034086173857
59963.83201612164 9.0 3.0 1.0066042161453583 0.0004364350930527519 1.0 1.0066275151748765 1.0066275151748765 -2.3299029518142333e-05
59963.832091601034 9.0 3.0 1.006537347150614 0.0004364218106946002 1.0 1.0066275634914272 1.0066275634914272 -9.02163408131873e-05
59963.832167080436 9.0 3.0 1.006539421894044 0.0004365332321001698 1.0 1.0066276118079827 1.0066276118079827 -8.818991393866327e-05
59963.83224255985 9.0 3.0 1.007458073237668 0.00043668970473174207 1.0 1.0066276601245476 1.0066276601245476 0.0008304131131202652
59963.83231803925 9.0 3.0 1.0059505702166325 0.0004363150668692299 1.0 1.0066277084410984 1.0066277084410984 -0.0006771382244659119
59963.83239351865 9.0 3.0 1.0065473635960793 0.00043654153620271833 1.0 1.006627756757654 1.006627756757654 -8.039316157470999e-05
59963.83246899805 9.0 3.0 1.0066521699200515 0.0004363483239736804 1.0 1.0066278050742095 1.0066278050742095 2.436484584200649e-05
59963.83254447746 9.0 3.0 1.007223425568961 0.0004365390793639088 1.0 1.0066278533907695 1.0066278533907695 0.0005955721781913947
59963.83261995686 9.0 3.0 1.006814579595238 0.0004365414865232561 1.0 1.0066279017073252 1.0066279017073252 0.00018667788791271178
59963.83269543626 9.0 3.0 1.0066917728271967 0.0004365829524058989 1.0 1.006627950023876 1.006627950023876 6.382280332073442e-05
59963.832770915666 9.0 3.0 1.0062502051313165 0.0004364439034605245 1.0 1.0066279983404363 1.0066279983404363 -0.0003777932091197922
59963.832846395075 9.0 3.0 1.0061008334308223 0.0004363379808528108 1.0 1.0066280466569963 1.0066280466569963 -0.0005272132261739948
59963.83292187447 9.0 3.0 1.0063490382570215 0.00043638012488122975 1.0 1.0066280949735473 1.0066280949735473 -0.0002790567165258384
59963.83299735387 9.0 3.0 1.0066615697620656 0.00043636489330058456 1.0 1.0066281432901028 1.0066281432901028 3.342647196280524e-05
59963.83307283328 9.0 3.0 1.0066019011803748 0.0004364785850157922 1.0 1.0066281916066628 1.0066281916066628 -2.6290426287989277e-05
59963.83314831268 9.0 3.0 1.0075219101564823 0.0004366987185486113 1.0 1.0066282399232185 1.0066282399232185 0.0008936702332638102
59963.833223792084 9.0 3.0 1.0060620160391414 0.00043642866573005365 1.0 1.006628288239774 1.006628288239774 -0.0005662722006325449
59963.83329927148 9.0 3.0 1.0076751651455138 0.000436700460417025 1.0 1.0066283365563249 1.0066283365563249 0.0010468285891889195
59963.833374750895 9.0 3.0 1.0066629495565362 0.0004365076090063199 1.0 1.0066283848728896 1.0066283848728896 3.456468364659848e-05
59963.8334502303 9.0 3.0 1.0063562562659298 0.0004364178890468014 1.0 1.0066284331894453 1.0066284331894453 -0.00027217692351544365
59963.83352570969 9.0 3.0 1.007408070272243 0.00043657567230360116 1.0 1.006628481505996 1.006628481505996 0.0007795887662469525
59963.83360118909 9.0 3.0 1.0075468478896645 0.00043644526486474937 1.0 1.0066285298225515 1.0066285298225515 0.0009183180671130664
59963.8336766685 9.0 3.0 1.006607653762359 0.0004364187270834974 1.0 1.0066285781391118 1.0066285781391118 -2.0924376752828877e-05
59963.833752147904 9.0 3.0 1.0061365541207947 0.0004364158907524838 1.0 1.0066286264556672 1.0066286264556672 -0.0004920723348724731
59963.833827627306 9.0 3.0 1.0069889528267464 0.00043645003531891366 1.0 1.0066286747722228 1.0066286747722228 0.000360278054523544
59963.8339031067 9.0 3.0 1.0064718754704953 0.0004364125048882406 1.0 1.0066287230887736 1.0066287230887736 -0.00015684761827827742
59963.83397858612 9.0 3.0 1.0064543428744464 0.0004364704654928583 1.0 1.0066287714053384 1.0066287714053384 -0.00017442853089200128
59963.83405406552 9.0 3.0 1.0070854582070616 0.0004365117747095994 1.0 1.006628819721894 1.006628819721894 0.0004566384851676375
59963.83412954491 9.0 3.0 1.0067338270087176 0.00043648888992261093 1.0 1.0066288680384448 1.0066288680384448 0.0001049589702728504
59963.834205024315 9.0 3.0 1.0065178169033806 0.00043640971399054693 1.0 1.0066289163550004 1.0066289163550004 -0.0001110994516198005
59963.834280503725 9.0 3.0 1.0071733582336866 0.0004366019083104208 1.0 1.0066289646715605 1.0066289646715605 0.0005443935621260998
59963.83435598313 9.0 3.0 1.0071522775265884 0.00043648511308889466 1.0 1.0066290129881161 1.0066290129881161 0.00052326453847229
59963.83443146253 9.0 3.0 1.0061055648352073 0.00043645017094267566 1.0 1.0066290613046716 1.0066290613046716 -0.0005234964694642574
59963.83450694193 9.0 3.0 1.006165945027591 0.000436274587329772 1.0 1.006629109621227 1.006629109621227 -0.0004631645936359341
59963.83458242134 9.0 3.0 1.0072410491458454 0.0004366095558611179 1.0 1.0066291579377873 1.0066291579377873 0.0006118912080581573
59963.834657900734 9.0 3.0 1.006147185768741 0.0004363809314715402 1.0 1.006629206254338 1.006629206254338 -0.00048202048559709
59963.834733380136 9.0 3.0 1.0071407616846433 0.00043656705643301154 1.0 1.0066292545708937 1.0066292545708937 0.0005115071137495875
59963.83480885955 9.0 3.0 1.0061536264523396 0.00043630472950180406 1.0 1.0066293028874584 1.0066293028874584 -0.0004756764351188103
59963.83488433895 9.0 3.0 1.0062877978072533 0.0004363194259902005 1.0 1.0066293512040094 1.0066293512040094 -0.0003415533967561224
59963.83495981835 9.0 3.0 1.0075607986695427 0.0004366493927108446 1.0 1.0066293995205648 1.0066293995205648 0.000931399148977885
59963.83503529774 9.0 3.0 1.0061076297418612 0.00043630259139243444 1.0 1.0066294478371156 1.0066294478371156 -0.0005218180952544227
59963.83511077716 9.0 3.0 1.0072623925854431 0.0004364388966476402 1.0 1.0066294961536806 1.0066294961536806 0.000632896431762564
59963.83518625656 9.0 3.0 1.0061910019110771 0.0004362005941247465 1.0 1.006629544470236 1.006629544470236 -0.0004385425591588721
59963.835261735956 9.0 3.0 1.0070880974059897 0.0004366104512694767 1.0 1.006629592786787 1.006629592786787 0.00045850461920271535
59963.83533721536 9.0 3.0 1.0072321597983216 0.00043662076605141564 1.0 1.0066296411033424 1.0066296411033424 0.0006025186949791816
59963.835412694774 9.0 3.0 1.0066537692665998 0.00043639395550791176 1.0 1.0066296894199072 1.0066296894199072 2.4079846692615092e-05
59963.83548817417 9.0 3.0 1.0060571376395127 0.0004363705060517623 1.0 1.0066297377364581 1.0066297377364581 -0.0005726000969454859
59963.83556365357 9.0 3.0 1.0069164551800203 0.00043635512634636325 1.0 1.0066297860530136 1.0066297860530136 0.0002866691270067001
59963.835639132965 9.0 3.0 1.0069104341627317 0.00043657433149738896 1.0 1.0066298343695645 1.0066298343695645 0.0002805997931671911
59963.83571461238 9.0 3.0 1.0073234072832453 0.00043668023312210094 1.0 1.0066298826861293 1.0066298826861293 0.0006935245971160242
59963.83579009178 9.0 3.0 1.006126833028208 0.00043639160205125775 1.0 1.006629931002685 1.006629931002685 -0.000503097974476896
59963.83586557118 9.0 3.0 1.0067930124450246 0.00043649744305287454 1.0 1.0066299793192357 1.0066299793192357 0.00016303312578891394
59963.83594105058 9.0 3.0 1.0064607604078697 0.00043639859062460825 1.0 1.0066300276357911 1.0066300276357911 -0.00016926722792143245
59963.83601652999 9.0 3.0 1.0072113517306376 0.0004366095611234415 1.0 1.0066300759523514 1.0066300759523514 0.00058127577828615
59963.83609200939 9.0 3.0 1.0064905000379643 0.00043654725825004295 1.0 1.0066301242689069 1.0066301242689069 -0.00013962423094260323
59963.83616748879 9.0 3.0 1.005828162540392 0.0004363434149759569 1.0 1.0066301725854625 1.0066301725854625 -0.0008020100450705225
59963.836242968195 9.0 3.0 1.0063696990223021 0.00043633275198124235 1.0 1.006630220902018 1.006630220902018 -0.00026052187971581375
59963.836318447604 9.0 3.0 1.0067173287930122 0.0004364100630993333 1.0 1.0066302692185782 1.0066302692185782 8.705957443400081e-05
59963.836393927 9.0 3.0 1.0066552799677906 0.0004364035307774843 1.0 1.006630317535129 1.006630317535129 2.4962432661590483e-05
59963.8364694064 9.0 3.0 1.0070735313187202 0.0004365465948079329 1.0 1.0066303658516844 1.0066303658516844 0.00044316546703582205
59963.83654488582 9.0 3.0 1.006217787426495 0.00043643938703511733 1.0 1.0066304141682494 1.0066304141682494 -0.00041262674175435166
