LC/1224/4o3/nrs1/results/S5_wasp-107b_ap5_bg10_Table_Save_white.txt
# %ECSV 1.0
# ---
# datatype:
# - {name: time, datatype: float64}
# - {name: wavelength, datatype: float64}
# - {name: bin_width, datatype: float64}
# - {name: lcdata, datatype: float64}
# - {name: lcerr, datatype: float64}
# - {name: transit, datatype: float64}
# - {name: polynom, datatype: float64}
# - {name: model, datatype: float64}
# - {name: residuals, datatype: float64}
# schema: astropy-2.0
time wavelength bin_width lcdata lcerr transit polynom model residuals
[from data line 1021]
60118.51605728916 3.285 0.41500000000000004 1.0083567736733288 0.00033876665659599296 1.0 1.008111562611336 1.008111562611336 0.0002452110619928227
60118.51627674325 3.285 0.41500000000000004 1.0086625594702032 0.00033892763600496976 1.0 1.0081112072284437 1.0081112072284437 0.0005513522417595063
60118.51649619732 3.285 0.41500000000000004 1.0080524542548233 0.00033873959650166193 1.0 1.008110851845575 1.008110851845575 -5.8397590751768647e-05
60118.51671565141 3.285 0.41500000000000004 1.0083894185524296 0.00033887479306898187 1.0 1.0081104964626828 1.0081104964626828 0.00027892208974678034
60118.51693510549 3.285 0.41500000000000004 1.0079440647046007 0.0003388405532195698 1.0 1.0081101410798023 1.0081101410798023 -0.000166076375201607
60118.51715455956 3.285 0.41500000000000004 1.0086180202879664 0.0003386878971988189 1.0 1.0081097856969337 1.0081097856969337 0.0005082345910327746
60118.517374013645 3.285 0.41500000000000004 1.0078895925441582 0.00033880485904709946 1.0 1.0081094303140414 1.0081094303140414 -0.00021983776988321324
60118.51759346772 3.285 0.41500000000000004 1.0083190473749162 0.0003386689228345844 1.0 1.0081090749311727 1.0081090749311727 0.0002099724437434336
60118.5178129218 3.285 0.41500000000000004 1.008063112049922 0.0003386747477290808 1.0 1.0081087195482923 1.0081087195482923 -4.5607498370348054e-05
60118.51803237588 3.285 0.41500000000000004 1.008218691267699 0.0003387361162391062 1.0 1.0081083641654 1.0081083641654 0.00011032710229885723
60118.51825182996 3.285 0.41500000000000004 1.0079342415166526 0.0003387959383901764 1.0 1.0081080087825196 1.0081080087825196 -0.00017376726586704194
60118.51847128404 3.285 0.41500000000000004 1.0078943379138294 0.00033875612232564945 1.0 1.0081076533996391 1.0081076533996391 -0.0002133154858097175
60118.518690738114 3.285 0.41500000000000004 1.0083057184609285 0.00033869881602770105 1.0 1.0081072980167705 1.0081072980167705 0.00019842044415807614
60118.5189101922 3.285 0.41500000000000004 1.0077411828936287 0.00033874275315978476 1.0 1.0081069426338782 1.0081069426338782 -0.0003657597402495494
60118.51912964627 3.285 0.41500000000000004 1.0083944143987018 0.00033895831490211994 1.0 1.0081065872510098 1.0081065872510098 0.00028782714769204354
60118.51934910035 3.285 0.41500000000000004 1.008500767738255 0.0003388207319005758 1.0 1.0081062318681293 1.0081062318681293 0.00039453587012561186
60118.51956855444 3.285 0.41500000000000004 1.0080312679653898 0.0003384526901974893 1.0 1.008105876485237 1.008105876485237 -7.460851984730787e-05
60118.51978800852 3.285 0.41500000000000004 1.0081440935858756 0.00033859688858596553 1.0 1.0081055211023566 1.0081055211023566 3.85724835190171e-05
60118.5200074626 3.285 0.41500000000000004 1.008352772491565 0.0003389637684106878 1.0 1.0081051657194762 1.0081051657194762 0.00024760677208890414
60118.52022691667 3.285 0.41500000000000004 1.007961640793065 0.0003387404683532157 1.0 1.0081048103366075 1.0081048103366075 -0.00014316954354254285
60118.520446370756 3.285 0.41500000000000004 1.0087721179524447 0.00033874781454046115 1.0 1.0081044549537153 1.0081044549537153 0.0006676629987294458
60118.52066582483 3.285 0.41500000000000004 1.0080199098721783 0.00033884049256147433 1.0 1.0081040995708466 1.0081040995708466 -8.418969866830217e-05
60118.52088527891 3.285 0.41500000000000004 1.0082350209544588 0.0003388426271309534 1.0 1.008103744187966 1.008103744187966 0.00013127676649271613
60118.52110473299 3.285 0.41500000000000004 1.008660951660991 0.0003387771636415014 1.0 1.0081033888050857 1.0081033888050857 0.000557562855905358
60118.521324187066 3.285 0.41500000000000004 1.008392997820575 0.0003386865670895447 1.0 1.0081030334222052 1.0081030334222052 0.000289964398369813
60118.52154364115 3.285 0.41500000000000004 1.008200759833666 0.0003387482030563116 1.0 1.008102678039313 1.008102678039313 9.808179435299991e-05
60118.521763095225 3.285 0.41500000000000004 1.008328557785363 0.00033875652007250823 1.0 1.0081023226564443 1.0081023226564443 0.00022623512891861708
60118.521982549304 3.285 0.41500000000000004 1.0075672243764846 0.00033862352804927464 1.0 1.0081019672735638 1.0081019672735638 -0.0005347428970792212
60118.52220200338 3.285 0.41500000000000004 1.0076742147423008 0.0003386325055154221 1.0 1.0081016118906834 1.0081016118906834 -0.00042739714838258003
60118.52242145746 3.285 0.41500000000000004 1.0077787583534368 0.000338628064285407 1.0 1.008101256507803 1.008101256507803 -0.0003224981543661354
60118.52264091154 3.285 0.41500000000000004 1.008652572911088 0.0003387436683288316 1.0 1.0081009011249225 1.0081009011249225 0.0005516717861655529
60118.522860365614 3.285 0.41500000000000004 1.0081296543446936 0.0003387037872307707 1.0 1.0081005457420538 1.0081005457420538 2.910860263982684e-05
60118.5230798197 3.285 0.41500000000000004 1.0084605014154586 0.0003387622885173507 1.0 1.0081001903591615 1.0081001903591615 0.00036031105629708016
60118.52329927378 3.285 0.41500000000000004 1.0079306011959623 0.00033874125172137274 1.0 1.008099834976281 1.008099834976281 -0.00016923378031874492
60118.52351872786 3.285 0.41500000000000004 1.0088819050757385 0.00033877105243935865 1.0 1.0080994795934006 1.0080994795934006 0.0007824254823378674
60118.52373818194 3.285 0.41500000000000004 1.0080196909383405 0.0003388617020482466 1.0 1.0080991242105202 1.0080991242105202 -7.943327217962981e-05
60118.52395763602 3.285 0.41500000000000004 1.0075089744934052 0.0003387249840019634 1.0 1.0080987688276397 1.0080987688276397 -0.0005897943342345613
60118.5241770901 3.285 0.41500000000000004 1.0077515304256375 0.00033871817164449864 1.0 1.0080984134447593 1.0080984134447593 -0.00034688301912177977
60118.52439654417 3.285 0.41500000000000004 1.0079157437101385 0.0003388060720498737 1.0 1.0080980580618906 1.0080980580618906 -0.00018231435175208865
60118.524615998256 3.285 0.41500000000000004 1.0078355063976498 0.0003386985911414661 1.0 1.0080977026789983 1.0080977026789983 -0.0002621962813484924
60118.52483545233 3.285 0.41500000000000004 1.007452377444022 0.00033875681223807027 1.0 1.0080973472961299 1.0080973472961299 -0.000644969852107824
60118.52505490641 3.285 0.41500000000000004 1.0080655178805475 0.00033875901755747164 1.0 1.0080969919132494 1.0080969919132494 -3.1474032701872545e-05
60118.52527436049 3.285 0.41500000000000004 1.0076471395751723 0.0003387101042567089 1.0 1.008096636530369 1.008096636530369 -0.0004494969551966932
60118.525493814566 3.285 0.41500000000000004 1.007854081097346 0.00033877346373868027 1.0 1.0080962811474885 1.0080962811474885 -0.000242200050142527
60118.52571326865 3.285 0.41500000000000004 1.0082435830520062 0.0003388137353920865 1.0 1.0080959257645963 1.0080959257645963 0.00014765728740995243
60118.525932722725 3.285 0.41500000000000004 1.007983492149538 0.0003387370309863777 1.0 1.0080955703817276 1.0080955703817276 -0.0001120782321895053
60118.526152176804 3.285 0.41500000000000004 1.007509220278944 0.0003388364319305529 1.0 1.0080952149988471 1.0080952149988471 -0.0005859947199031712
60118.526371630884 3.285 0.41500000000000004 1.0078218259445915 0.00033864342771530796 1.0 1.0080948596159667 1.0080948596159667 -0.0002730336713752113
60118.52659108496 3.285 0.41500000000000004 1.007846152757628 0.00033880561799554164 1.0 1.0080945042330862 1.0080945042330862 -0.00024835147545831937
60118.52681053904 3.285 0.41500000000000004 1.0074145624467525 0.0003385111994700744 1.0 1.0080941488502058 1.0080941488502058 -0.0006795864034532251
60118.527029993114 3.285 0.41500000000000004 1.0081529816863235 0.00033865705513694684 1.0 1.008093793467337 1.008093793467337 5.91882189864279e-05
60118.5272494472 3.285 0.41500000000000004 1.0081976239650807 0.0003386385101903744 1.0 1.0080934380844448 1.0080934380844448 0.00010418588063587642
60118.52746890127 3.285 0.41500000000000004 1.008308268483103 0.00033890724272679206 1.0 1.0080930827015762 1.0080930827015762 0.00021518578152690537
60118.52768835535 3.285 0.41500000000000004 1.0080002557562133 0.0003387403381901548 1.0 1.0080927273186957 1.0080927273186957 -9.247156248237687e-05
60118.52790780943 3.285 0.41500000000000004 1.0080818456946103 0.00033863087765469385 1.0 1.0080923719358152 1.0080923719358152 -1.0526241204900089e-05
60118.52812726351 3.285 0.41500000000000004 1.007579405087804 0.00033871933715566484 1.0 1.0080920165529348 1.0080920165529348 -0.0005126114651308189
60118.52834671759 3.285 0.41500000000000004 1.0081566040924412 0.0003387356969302318 1.0 1.0080916611700543 1.0080916611700543 6.494292238690136e-05
60118.52856617167 3.285 0.41500000000000004 1.0083812865004764 0.0003386683233708065 1.0 1.0080913057871739 1.0080913057871739 0.00028998071330255115
60118.52878562576 3.285 0.41500000000000004 1.0083430763843306 0.00033878504909381634 1.0 1.0080909504042816 1.0080909504042816 0.00025212598004897835
60118.52900507983 3.285 0.41500000000000004 "" "" 1.0 1.008090595021413 1.008090595021413 ""
60118.52922453391 3.285 0.41500000000000004 1.0084848442017118 0.00033898014961211654 1.0 1.0080902396385325 1.0080902396385325 0.0003946045631793016
60118.52944398799 3.285 0.41500000000000004 1.0081363269537287 0.0003387860250833822 1.0 1.008089884255652 1.008089884255652 4.644269807663193e-05
60118.52966344206 3.285 0.41500000000000004 1.0081580056748147 0.0003387723619841613 1.0 1.0080895288727834 1.0080895288727834 6.847680203136974e-05
60118.529882896146 3.285 0.41500000000000004 1.0080446308087465 0.0003387542823884741 1.0 1.0080891734898911 1.0080891734898911 -4.4542681144621454e-05
60118.53010235022 3.285 0.41500000000000004 1.0081593859872975 0.00033865826238666175 1.0 1.0080888181070227 1.0080888181070227 7.056788027481886e-05
60118.5303218043 3.285 0.41500000000000004 1.0082158902150504 0.00033876837697098024 1.0 1.0080884627241422 1.0080884627241422 0.00012742749090821626
60118.53054125838 3.285 0.41500000000000004 1.0079534250748126 0.000338820313416544 1.0 1.0080881073412618 1.0080881073412618 -0.00013468226644919312
60118.530760712456 3.285 0.41500000000000004 1.0081171601695171 0.0003387369446291209 1.0 1.0080877519583813 1.0080877519583813 2.940821113583958e-05
60118.530980166535 3.285 0.41500000000000004 1.008476973299198 0.0003386496349857519 1.0 1.0080873965755008 1.0080873965755008 0.00038957672369721585
60118.53119962061 3.285 0.41500000000000004 1.008144127377514 0.00033882707766549647 1.0 1.0080870411926321 1.0080870411926321 5.708618488187156e-05
60118.531419074694 3.285 0.41500000000000004 1.008204542768672 0.0003385984911014808 1.0 1.00808668580974 1.00808668580974 0.00011785695893218318
60118.531638528766 3.285 0.41500000000000004 1.0078313745149754 0.0003385795500883866 1.0 1.0080863304268712 1.0080863304268712 -0.00025495591189583777
60118.531857982845 3.285 0.41500000000000004 1.0077898604732738 0.0003387738526675558 1.0 1.0080859750439908 1.0080859750439908 -0.00029611457071698766
60118.532077436925 3.285 0.41500000000000004 1.0084444456863335 0.00033869729182208315 1.0 1.0080856196611103 1.0080856196611103 0.0003588260252231912
60118.532296891004 3.285 0.41500000000000004 1.0083760426213668 0.00033877170222469265 1.0 1.0080852642782299 1.0080852642782299 0.00029077834313695483
60118.53251634508 3.285 0.41500000000000004 1.0078865441827383 0.0003385966358016813 1.0 1.0080849088953494 1.0080849088953494 -0.0001983647126111432
60118.532735799155 3.285 0.41500000000000004 1.0075569941974571 0.0003389284685215989 1.0 1.0080845535124807 1.0080845535124807 -0.0005275593150235736
60118.53295525324 3.285 0.41500000000000004 1.008220231543127 0.00033858522211136345 1.0 1.0080841981295885 1.0080841981295885 0.0001360334135385166
60118.533174707314 3.285 0.41500000000000004 1.0079594595613883 0.00033881565135922726 1.0 1.0080838427467198 1.0080838427467198 -0.00012438318533147807
60118.53339416139 3.285 0.41500000000000004 1.0079667542121271 0.00033880282576986517 1.0 1.0080834873638393 1.0080834873638393 -0.00011673315171223386
60118.53361361547 3.285 0.41500000000000004 1.0082147704702782 0.00033865793712145923 1.0 1.008083131980959 1.008083131980959 0.00013163848931929678
60118.533833069545 3.285 0.41500000000000004 1.0076993235219454 0.00033865031484773585 1.0 1.0080827765980902 1.0080827765980902 -0.00038345307614484625
60118.53405252363 3.285 0.41500000000000004 1.0077308947485137 0.00033866517520581664 1.0 1.008082421215198 1.008082421215198 -0.0003515264666842377
60118.5342719777 3.285 0.41500000000000004 1.0082113683959568 0.0003387586221240411 1.0 1.0080820658323293 1.0080820658323293 0.00012930256362753134
60118.53449143178 3.285 0.41500000000000004 1.0080664155142676 0.00033879801754284285 1.0 1.0080817104494488 1.0080817104494488 -1.529493518126479e-05
60118.53471088586 3.285 0.41500000000000004 1.0083690611203404 0.00033878509590570376 1.0 1.0080813550665684 1.0080813550665684 0.00028770605377204106
60118.53493033994 3.285 0.41500000000000004 1.0082973004207858 0.0003387360897195506 1.0 1.0080809996836881 1.0080809996836881 0.0002163007370976633
60118.53514979402 3.285 0.41500000000000004 1.0079508089674707 0.0003386212398516137 1.0 1.0080806443008077 1.0080806443008077 -0.0001298353333369917
60118.53536924809 3.285 0.41500000000000004 1.0075207945801588 0.0003385769767929859 1.0 1.008080288917939 1.008080288917939 -0.0005594943377802419
60118.53558870218 3.285 0.41500000000000004 1.0078621401900114 0.000338731254035527 1.0 1.0080799335350468 1.0080799335350468 -0.0002177933450353553
60118.53580815625 3.285 0.41500000000000004 1.0076780858163037 0.00033861722165901703 1.0 1.008079578152178 1.008079578152178 -0.00040149233587438715
60118.53602761033 3.285 0.41500000000000004 1.0080216300532552 0.0003386562306493903 1.0 1.0080792227692976 1.0080792227692976 -5.759271604244276e-05
60118.53624706441 3.285 0.41500000000000004 1.0077610742050422 0.00033864431162774664 1.0 1.0080788673864172 1.0080788673864172 -0.00031779318137492574
60118.53646651849 3.285 0.41500000000000004 1.0071666065425373 0.0003384963174555003 1.0 1.0080785120035367 1.0080785120035367 -0.000911905460999396
60118.53668597257 3.285 0.41500000000000004 1.0080410090319958 0.00033876725373701503 1.0 1.0080781566206563 1.0080781566206563 -3.7147588660468855e-05
60118.53690542664 3.285 0.41500000000000004 1.008406024038946 0.0003386703687185479 1.0 1.0080778012377876 1.0080778012377876 0.00032822280115851754
60118.53712488073 3.285 0.41500000000000004 1.008179722950217 0.0003386111177942589 1.0 1.0080774458548953 1.0080774458548953 0.00010227709532162343
60118.5373443348 3.285 0.41500000000000004 1.0077625750811916 0.00033879373285917373 1.0 1.0080770904720266 1.0080770904720266 -0.0003145153908350462
60118.53756378888 3.285 0.41500000000000004 1.0083038313019719 0.0003387103062983326 1.0 1.0080767350891462 1.0080767350891462 0.0002270962128256837
60118.53778324296 3.285 0.41500000000000004 1.0077355701928499 0.0003386933302762159 1.0 1.0080763797062657 1.0080763797062657 -0.00034080951341586285
60118.53800269703 3.285 0.41500000000000004 1.0085194804760227 0.00033871390319088366 1.0 1.008076024323397 1.008076024323397 0.0004434561526256431
60118.53822215112 3.285 0.41500000000000004 1.0081947559866644 0.0003387184362770574 1.0 1.0080756689405048 1.0080756689405048 0.00011908704615959387
60118.53844160519 3.285 0.41500000000000004 1.0077465391398925 0.0003385692322358077 1.0 1.0080753135576361 1.0080753135576361 -0.0003287744177435936
60118.53866105927 3.285 0.41500000000000004 1.0078401908400116 0.00033862367177345005 1.0 1.0080749581747557 1.0080749581747557 -0.00023476733474403488
60118.53888051335 3.285 0.41500000000000004 1.007859532606286 0.00033878566184334833 1.0 1.0080746027918752 1.0080746027918752 -0.00021507018558919455
60118.53909996743 3.285 0.41500000000000004 1.0081266996559821 0.00033869234631426674 1.0 1.0080742474089948 1.0080742474089948 5.245224698735562e-05
