LC/1224/4o3/nrs1/results/S5_wasp-107b_ap5_bg10_Table_Save_white.txt
# %ECSV 1.0
# ---
# datatype:
# - {name: time, datatype: float64}
# - {name: wavelength, datatype: float64}
# - {name: bin_width, datatype: float64}
# - {name: lcdata, datatype: float64}
# - {name: lcerr, datatype: float64}
# - {name: transit, datatype: float64}
# - {name: polynom, datatype: float64}
# - {name: model, datatype: float64}
# - {name: residuals, datatype: float64}
# schema: astropy-2.0
time wavelength bin_width lcdata lcerr transit polynom model residuals
[from data line 822]
60118.47238592709 3.285 0.41500000000000004 0.986135148601187 0.00033513177495302836 0.9783149880407851 1.0081822838050047 0.9863198389236246 -0.00018469032243761951
60118.472605381176 3.285 0.41500000000000004 0.9861954539316593 0.0003350490883508461 0.9783235061710526 1.0081819284221125 0.9863280790722143 -0.0001326251405550094
60118.47282483525 3.285 0.41500000000000004 0.9862779095866278 0.00033503138835868105 0.9783321669359183 1.008181573039244 0.9863364630163464 -5.855342971861077e-05
60118.47304428934 3.285 0.41500000000000004 0.986174039818559 0.00033487932160540214 0.9783409726785789 1.0081812176563398 0.9863449931181776 -0.0001709532996185814
60118.47326374341 3.285 0.41500000000000004 0.9857442598963769 0.00033493196137129074 0.9783499257967265 1.0081808622734714 0.9863536717949305 -0.000609411898553569
60118.4734831975 3.285 0.41500000000000004 0.9860058074243402 0.00033516705557299546 0.9783590287507905 1.0081805068905791 0.9863625015269467 -0.0003566941026065251
60118.47370265158 3.285 0.41500000000000004 0.9866439943740627 0.00033503257628709885 0.9783682840602342 1.0081801515076987 0.9863714848541741 0.000272509519888553
60118.473922105666 3.285 0.41500000000000004 0.9862374654454278 0.000335039919954367 0.9783776943094229 1.0081797961248065 0.9863806243819322 -0.00014315893650440614
60118.474141559745 3.285 0.41500000000000004 0.9868082899698205 0.0003351718610345423 0.9783872621469482 1.008179440741926 0.9863899227803343 0.00041836718948617957
60118.474361013825 3.285 0.41500000000000004 0.9864881278574387 0.0003350570172079582 0.9783969902899631 1.0081790853590455 0.986399382788578 8.874506886069611e-05
60118.47458046791 3.285 0.41500000000000004 0.9861363869333857 0.00033493863988806095 0.9784068815255366 1.0081787299761533 0.9864090072163442 -0.00027262028295849117
60118.47479992199 3.285 0.41500000000000004 0.9863843636105446 0.0003349794989971124 0.9784169387120151 1.0081783745932729 0.9864187989452052 -3.443533466063187e-05
60118.47501937607 3.285 0.41500000000000004 0.9872364621657502 0.00033522928453563283 0.9784271647834709 1.0081780192103924 0.9864287609330399 0.000807701232710345
60118.47523883016 3.285 0.41500000000000004 0.9864437136089435 0.0003349933095916568 0.9784375627513431 1.0081776638275002 0.9864388962157222 4.817393221223654e-06
60118.475458284236 3.285 0.41500000000000004 0.9868982283702494 0.00033520982884637965 0.9784481357060989 1.0081773084446197 0.9864492079088308 0.0004490204614185922
60118.47567773832 3.285 0.41500000000000004 0.9861161135408699 0.00033498600766497077 0.9784588868225185 1.0081769530617275 0.9864596992128963 -0.0003435856720264141
60118.4758971924 3.285 0.41500000000000004 0.986428020023598 0.0003351216276175838 0.9784698193598836 1.008176597678847 0.9864703734136836 -4.235339008562544e-05
60118.47611664649 3.285 0.41500000000000004 0.9864773579949195 0.00033512096918596537 0.9784809366679738 1.0081762422959548 0.9864812338881439 -3.875893224369875e-06
60118.47633610057 3.285 0.41500000000000004 0.9869360205714479 0.00033511800204632933 0.9784922421874676 1.0081758869130744 0.9864922841049129 0.0004437364665350607
60118.47655555465 3.285 0.41500000000000004 0.986505641200879 0.00033495906703405524 0.9785037394559766 1.008175531530194 0.9865035276303116 2.1135705674524274e-06
60118.476775008734 3.285 0.41500000000000004 0.9859930896453893 0.0003350629954599333 0.9785154321106171 1.0081751761473017 0.9865149681309744 -0.0005218784855850478
60118.476994462806 3.285 0.41500000000000004 0.9871289130530785 0.000335020979524742 0.9785273238902585 1.008174820764433 0.9865266093761617 0.0006023036769168266
60118.4772139169 3.285 0.41500000000000004 0.9866356663210648 0.0003351152188956576 0.9785394186442842 1.008174465381529 0.9865384552464533 9.72110746114696e-05
60118.47743337097 3.285 0.41500000000000004 0.9866625883327991 0.00033516904609356735 0.9785517203293063 1.0081741099986603 0.9865505097306563 0.00011207860214279552
60118.47765282506 3.285 0.41500000000000004 0.986727098663832 0.0003351345915052913 0.9785642330224785 1.008173754615768 0.9865627769389715 0.00016432172486047225
60118.47787227914 3.285 0.41500000000000004 0.9863837301972893 0.00033516555174789483 0.9785769609185345 1.0081733992328876 0.9865752611002275 -0.0001915309029382195
60118.478091733225 3.285 0.41500000000000004 0.986380621923523 0.000334967428950123 0.9785899083401283 1.0081730438499954 0.9865879665721551 -0.00020734464863203517
60118.478311187304 3.285 0.41500000000000004 0.986923800823205 0.0003350068810458361 0.9786030797393391 1.008172688467115 0.986600897843008 0.00032290298019699293
60118.47853064138 3.285 0.41500000000000004 0.9867615503086197 0.00033503306027596953 0.9786164797062443 1.0081723330842345 0.9866140595401247 0.00014749076849496223
60118.47875009547 3.285 0.41500000000000004 0.9862843592628091 0.0003350236845336097 0.9786301129735784 1.0081719777013423 0.9866274564346605 -0.0003430971718514364
60118.47896954955 3.285 0.41500000000000004 "" "" 0.978643984421606 1.0081716223184618 0.9866410934465341 ""
60118.47918900363 3.285 0.41500000000000004 0.9869501467777637 0.00033512174979588767 0.9786580990874719 1.0081712669355813 0.9866549756537842 0.0002951711239794763
60118.479408457715 3.285 0.41500000000000004 0.9864772361421988 0.00033507620932809697 0.9786724621709252 1.0081709115526891 0.9866691082983763 -0.0001918721561774417
60118.479627911795 3.285 0.41500000000000004 0.9869268884126063 0.00033512218126934034 0.9786870790403341 1.0081705561698087 0.9866834967922992 0.0002433916203071762
60118.47984736588 3.285 0.41500000000000004 0.9867445376385886 0.0003350879913287193 0.9787019552439924 1.0081702007869164 0.9866981467288836 4.6390909705040784e-05
60118.48006681995 3.285 0.41500000000000004 0.9866509968822397 0.0003349654983689656 0.9787170965141916 1.0081698454040477 0.986713063887011 -6.206700477129345e-05
60118.48028627404 3.285 0.41500000000000004 0.9866489099406698 0.00033499609381294895 0.9787325087821982 1.0081694900211555 0.9867282542460749 -7.934430540512682e-05
60118.48050572812 3.285 0.41500000000000004 0.9867498923051418 0.0003352321628355136 0.9787481981808289 1.008169134638275 0.9867437239887372 6.1683164045422956e-06
60118.4807251822 3.285 0.41500000000000004 0.9866726753587945 0.00033502752869371994 0.9787641710602574 1.0081687792553946 0.9867594795167379 -8.680415794337648e-05
60118.480944636285 3.285 0.41500000000000004 0.987221676383568 0.0003350537290448127 0.9787804339969821 1.0081684238725024 0.9867755274599813 0.00044614892358663116
60118.48116409036 3.285 0.41500000000000004 0.9862889839478252 0.00033516050739814817 0.978796993803332 1.0081680684896337 0.9867918746861651 -0.0005028907383399783
60118.48138354445 3.285 0.41500000000000004 0.9868674963558967 0.00033514109781892614 0.9788138575465889 1.0081677131067297 0.9868085283199208 5.8968035975826005e-05
60118.48160299852 3.285 0.41500000000000004 0.986863652820643 0.00033514627457585384 0.9788310325519413 1.008167357723861 0.9868254957460092 3.815707463383777e-05
60118.48182245261 3.285 0.41500000000000004 0.9870908819290154 0.00033526544323694726 0.9788485264292421 1.0081670023409688 0.9868427846360436 0.00024809729297181615
60118.48204190669 3.285 0.41500000000000004 0.986319989447423 0.0003349401017263436 0.9788663470778122 1.0081666469580883 0.9868604029535503 -0.0005404135061272131
60118.482261360776 3.285 0.41500000000000004 0.9871308979720294 0.0003351484225958167 0.9788845027106388 1.008166291575196 0.9868783589782146 0.00025253899381472156
60118.482480814855 3.285 0.41500000000000004 0.9871495555324183 0.0003351210482015743 0.9789030018671385 1.0081659361923156 0.9868966613188518 0.00025289421356655684
60118.482700268934 3.285 0.41500000000000004 0.9865732493196984 0.00033500789336539963 0.978921853436839 1.0081655808094352 0.9869153189371996 -0.00034206961750127274
60118.48291972302 3.285 0.41500000000000004 0.9869567235284902 0.00033521904568880467 0.9789410666787224 1.008165225426543 0.9869343411674546 2.238236103557778e-05
60118.4831391771 3.285 0.41500000000000004 0.9867177100043518 0.00033493667728964416 0.9789606512421222 1.0081648700436625 0.9869537377373733 -0.00023602773302144886
60118.48335863118 3.285 0.41500000000000004 0.9867289196903614 0.0003350814296713665 0.9789806171953629 1.008164514660782 0.9869735187970758 -0.0002445991067144826
60118.48357808526 3.285 0.41500000000000004 0.9864380552735711 0.0003350718450488875 0.9790009750502241 1.0081641592779016 0.9869936949437551 -0.0005556396701840161
60118.483797539346 3.285 0.41500000000000004 0.9870334768717706 0.00033526088384764095 0.9790217357926853 1.0081638038950094 0.9870142772526485 1.919961912211221e-05
60118.484016993425 3.285 0.41500000000000004 0.9872792931791441 0.00033531239887886504 0.9790429109122958 1.008163448512129 0.9870352773066932 0.00024401587245093115
60118.484236447504 3.285 0.41500000000000004 0.987112183489592 0.0003351341811663726 0.9790645124414733 1.0081630931292485 0.9870567072360753 5.5476253516650864e-05
60118.48445590159 3.285 0.41500000000000004 0.986566217978194 0.000335078649029195 0.97908655299209 1.0081627377463562 0.9870785797551483 -0.0005123617769543509
60118.48467535567 3.285 0.41500000000000004 0.9868815664312399 0.00033521129862125026 0.9791090457956525 1.0081623823634758 0.9871009082029746 -0.00021934177173466018
60118.48489480975 3.285 0.41500000000000004 0.9869423436765326 0.00033527146065824836 0.9791320047544785 1.0081620269805953 0.9871237065948489 -0.00018136291831638562
60118.485114263836 3.285 0.41500000000000004 0.9874045062222497 0.00033513683588441695 0.9791554444913161 1.008161671597703 0.9871469896723573 0.0002575165498924781
60118.48533371791 3.285 0.41500000000000004 0.9872559462642044 0.000335076684020534 0.9791793804035203 1.0081613162148344 0.987170772958039 8.517330616542029e-05
60118.485553171995 3.285 0.41500000000000004 0.9873765354031383 0.0003354015851893159 0.9792038287355604 1.0081609608319422 0.9871950728283592 0.0001814625747791343
60118.485772626074 3.285 0.41500000000000004 0.9870033650112832 0.00033519422856636 0.9792288066391659 1.0081606054490617 0.9872199065745036 -0.0002165415632204848
60118.485992080154 3.285 0.41500000000000004 0.9875429143426779 0.0003351717289902785 0.979254332261946 1.0081602500661813 0.9872452924915949 0.00029762185108306305
60118.48621153424 3.285 0.41500000000000004 0.9872338056393016 0.00033518327592064383 0.9792804248340345 1.008159894683289 0.9872712499660868 -3.7444326785207593e-05
60118.48643098832 3.285 0.41500000000000004 0.9870333436140171 0.00033521049014421754 0.9793071047668146 1.0081595393004086 0.9872977995753288 -0.0002644559613117492
60118.486650442406 3.285 0.41500000000000004 0.9877136082760959 0.0003351632356868078 0.9793343937740591 1.0081591839175164 0.987324963209611 0.00038864506648483843
60118.48686989648 3.285 0.41500000000000004 0.9876731687189386 0.00033516071899349623 0.9793623149950711 1.0081588285346477 0.9873527641964115 0.00032040452252712903
60118.487089350565 3.285 0.41500000000000004 0.9874055923927822 0.0003353448413507766 0.9793908931559774 1.0081584731517554 0.9873812274628642 2.436492991808592e-05
60118.487308804644 3.285 0.41500000000000004 0.9875023677670756 0.0003351396360411206 0.9794201547300758 1.008158117768875 0.9874103796975735 9.198806950205807e-05
60118.48752825872 3.285 0.41500000000000004 0.9874038903665843 0.0003352378263241641 0.9794501281491779 1.0081577623859947 0.9874402495635509 -3.635919696665102e-05
60118.48774771281 3.285 0.41500000000000004 0.987769821968499 0.00033525687047370535 0.9794808440348995 1.0081574070031023 0.9874708679314343 0.0002989540370647026
60118.48796716689 3.285 0.41500000000000004 0.9870453500488091 0.00033522969713096736 0.9795123354721356 1.008157051620222 0.987502268155226 -0.00045691810641690367
60118.48818662097 3.285 0.41500000000000004 0.9875243532902008 0.000335316127563312 0.9795446383436891 1.0081566962373416 0.9875344864095752 -1.0133119374367006e-05
60118.48840607505 3.285 0.41500000000000004 0.9876497453729158 0.0003353848406446698 0.9795777917201025 1.0081563408544612 0.987567562082832 8.218329008380376e-05
60118.488625529135 3.285 0.41500000000000004 0.9882167263424154 0.0003354714715845878 0.9796118383391208 1.008155985471569 0.9876015382603915 0.0006151880820238764
60118.488844983214 3.285 0.41500000000000004 0.9876855374753917 0.00033524495099166 0.9796468251865733 1.0081556300886885 0.9876364623103531 4.907516503860343e-05
60118.48906443729 3.285 0.41500000000000004 0.9875331938348489 0.00033526528394402634 0.9796828042310805 1.008155274705808 0.9876723866241413 -0.00013919278929230838
60118.48928389137 3.285 0.41500000000000004 0.9880200033415427 0.00033537249219335455 0.9797198333390245 1.0081549193229276 0.9877093695389763 0.00031063380256646234
60118.48950334545 3.285 0.41500000000000004 0.9879015434721333 0.0003353015090296175 0.9797579774583435 1.008154563940047 0.9877474765312988 0.00015406694083452965
60118.48972279954 3.285 0.41500000000000004 0.9887865042703116 0.00033523035125052357 0.9797973101739973 1.0081542085571549 0.9877867817848954 0.0009997224854161324
60118.48994225362 3.285 0.41500000000000004 0.9878028097608229 0.0003354178996326461 0.9798379157976456 1.0081538531742744 0.9878273702976467 -2.4560536823758916e-05
60118.4901617077 3.285 0.41500000000000004 0.9884113814810225 0.00033552258117759535 0.9798798922883476 1.008153497791394 0.987869340825952 0.0005420406550704637
60118.49038116178 3.285 0.41500000000000004 0.9875387253254448 0.00033533114755595353 0.9799233554573082 1.0081531424085135 0.9879128101237801 -0.000374084798335228
60118.49060061586 3.285 0.41500000000000004 0.9878555176199456 0.0003354880284564243 0.9799684453665608 1.0081527870256213 0.9879579193934636 -0.0001024017735179461
60118.49082006994 3.285 0.41500000000000004 0.9873173496148876 0.00033531389552724693 0.9800153367165322 1.0081524316427408 0.9880048447579514 -0.0006874951430637655
60118.49103952402 3.285 0.41500000000000004 0.9880767948445867 0.0003353885797639561 0.9800642574636073 1.0081520762598604 0.988053816030014 2.2978814572693906e-05
60118.49125897811 3.285 0.41500000000000004 "" "" 0.9801155277082786 1.0081517208769681 0.9881051559173388 ""
60118.49147843218 3.285 0.41500000000000004 0.987880670976448 0.0003353225139191826 0.9801696701876143 1.0081513654940994 0.9881593914155444 -0.00027872043909638045
60118.49169788627 3.285 0.41500000000000004 0.9880392577515342 0.0003354126599955227 0.9802474526038494 1.0081510101112072 0.9882374595015084 -0.0001982017499742028
60118.49191734035 3.285 0.41500000000000004 0.9881622405009959 0.0003353187749306221 0.9803901967321668 1.0081506547283268 0.988381018724767 -0.0002187782237711433
60118.49213679443 3.285 0.41500000000000004 0.9886471765935733 0.0003354311837898553 0.9805686474217672 1.0081502993454345 0.9885605754270025 8.660116657077666e-05
60118.49235624851 3.285 0.41500000000000004 0.9886213248431591 0.0003353153905976123 0.9807734630139435 1.008149943962554 0.9887667117774672 -0.00014538693430810046
60118.492575702585 3.285 0.41500000000000004 0.9890248440201475 0.0003354649130652913 0.9809997439958593 1.0081495885796854 0.9889944883062023 3.0355713945162677e-05
60118.49279515668 3.285 0.41500000000000004 0.9891949101452868 0.00033551954467477945 0.9812442567923558 1.0081492331967814 0.9892406450639591 -4.5734918672324376e-05
60118.49301461075 3.285 0.41500000000000004 0.9896102459113907 0.00033548720939947533 0.981504624863852 1.0081488778139127 0.9895027861256578 0.0001074597857328996
60118.49323406483 3.285 0.41500000000000004 0.9902310923109241 0.00033576523072484935 0.9817789859467472 1.0081485224310323 0.9897790340360504 0.0004520582748737123
60118.49345351892 3.285 0.41500000000000004 0.9905812885137646 0.0003356262952164095 0.9820658166436503 1.00814816704814 0.9900678529699308 0.0005134355438337623
