LC/1224/4o3/nrs1/results/S5_wasp-107b_ap5_bg10_Table_Save_white.txt
# %ECSV 1.0
# ---
# datatype:
# - {name: time, datatype: float64}
# - {name: wavelength, datatype: float64}
# - {name: bin_width, datatype: float64}
# - {name: lcdata, datatype: float64}
# - {name: lcerr, datatype: float64}
# - {name: transit, datatype: float64}
# - {name: polynom, datatype: float64}
# - {name: model, datatype: float64}
# - {name: residuals, datatype: float64}
# schema: astropy-2.0
time wavelength bin_width lcdata lcerr transit polynom model residuals
[from data line 628]
60118.42981183489 3.285 0.41500000000000004 0.9857068125953377 0.00033499977471837777 0.9781708335504857 1.00825122808512 0.9862419442043227 -0.0005351316089849956
60118.43003128897 3.285 0.41500000000000004 0.9860859468207663 0.00033503658543409734 0.9781648661286592 1.0082508727022395 0.9862355799208898 -0.00014963310012350295
60118.430250743055 3.285 0.41500000000000004 0.9860762376062788 0.00033507558627306634 0.9781590013904693 1.0082505173193472 0.9862293191725168 -0.00015308156623794478
60118.430470197134 3.285 0.41500000000000004 0.9863662822291022 0.00033512493599546805 0.9781532379579423 1.0082501619364668 0.9862231605697747 0.0001431216593275053
60118.43068965122 3.285 0.41500000000000004 0.9866702204257943 0.0003350871128885323 0.9781475744824473 1.0082498065535745 0.9862171027527756 0.0004531176730186992
60118.43090910531 3.285 0.41500000000000004 0.9859718027862636 0.00033517092183590766 0.9781420096453474 1.0082494511706823 0.9862111443919097 -0.00023934160564609286
60118.431128559394 3.285 0.41500000000000004 0.9863792109406826 0.0003350342800157964 0.9781365421565634 1.00824909578779 0.9862052841863507 0.00017392675433192117
60118.43134801348 3.285 0.41500000000000004 0.9856128895113053 0.00033488953300190146 0.9781311707541182 1.0082487404048979 0.9861995208636077 -0.0005866313523024136
60118.43156746756 3.285 0.41500000000000004 0.9860629721302953 0.0003350335286972375 0.9781258942036847 1.0082483850220174 0.9861938531790817 -0.00013088104878644646
60118.431786921654 3.285 0.41500000000000004 0.9865628852098192 0.00033511139251712885 0.9781207112971156 1.0082480296391134 0.986188279914525 0.00037460529529420583
60118.43200637573 3.285 0.41500000000000004 0.9858545200815398 0.0003349731807062738 0.9781156208537591 1.008247674256233 0.986182799879494 -0.0003282797979541341
60118.43222582982 3.285 0.41500000000000004 0.9868706096279304 0.00033510884645528524 0.9781106217174891 1.0082473188733407 0.9861774119081947 0.0006931977197356387
60118.43244528391 3.285 0.41500000000000004 0.9860343987467687 0.00033499626491065884 0.9781057127580384 1.0082469634904483 0.9861721148609528 -0.00013771611418411656
60118.43266473798 3.285 0.41500000000000004 0.9858248560259407 0.0003349012234002169 0.9781008928699362 1.0082466081075798 0.9861669076231084 -0.00034205159716771405
60118.43288419207 3.285 0.41500000000000004 0.9867587939078936 0.00033508917158258267 0.9780961609707393 1.0082462527246758 0.9861617891031392 0.0005970048047543308
60118.43310364615 3.285 0.41500000000000004 0.9855415395795029 0.00033491594840144107 0.9780915160032334 1.0082458973417954 0.9861567582350771 -0.0006152186555742345
60118.43332310024 3.285 0.41500000000000004 0.9869723234242285 0.00033512974504801524 0.9780869569321164 1.0082455419589031 0.9861518139749561 0.0008205094492723664
60118.433542554325 3.285 0.41500000000000004 0.9863263978209831 0.00033499360499656116 0.9780824827454129 1.0082451865760107 0.9861469553023766 0.0001794425186064652
60118.43376200841 3.285 0.41500000000000004 0.9859718705007108 0.00033515814129551766 0.9780780924532493 1.0082448311931185 0.9861421812192136 -0.00017031071850281965
60118.4339814625 3.285 0.41500000000000004 0.9859839872760622 0.0003350431649503959 0.9780737850875768 1.0082444758102262 0.9861374907493478 -0.00015350347328557667
60118.43420091658 3.285 0.41500000000000004 0.9866708494306488 0.0003351503694194917 0.9780695597018906 1.0082441204273458 0.9861328829383941 0.0005379664922546823
60118.43442037067 3.285 0.41500000000000004 0.9862484565625894 0.00033519311236293554 0.9780654153701303 1.0082437650444418 0.986128356852536 0.00012009971005344511
60118.43463982474 3.285 0.41500000000000004 0.9860846941069517 0.00033503270015548814 0.9780613511879416 1.008243409661573 0.9861239115799355 -3.9217472983854584e-05
60118.43485927883 3.285 0.41500000000000004 0.9863045083616232 0.0003350210285039038 0.9780573662698364 1.0082430542786809 0.9861195462276623 0.00018496213396090866
60118.43507873292 3.285 0.41500000000000004 0.9859136567135449 0.0003349054095921123 0.9780534597511339 1.0082426988957887 0.9861152599238469 -0.00020160321030193717
60118.435298187 3.285 0.41500000000000004 0.9865937747619073 0.0003350519447914997 0.9780496307863837 1.0082423435128964 0.9861110518159867 0.0004827229459206661
60118.43551764109 3.285 0.41500000000000004 0.9856112956286973 0.0003351404849259569 0.9780458785492915 1.0082419881300042 0.9861069210708943 -0.0004956254421969453
60118.43573709517 3.285 0.41500000000000004 0.986324668656388 0.00033510287419303804 0.9780422022325056 1.0082416327471238 0.986102866874494 0.00022180178189401545
60118.43595654926 3.285 0.41500000000000004 0.9869421826486289 0.00033524994820664745 0.9780386010466902 1.0082412773642198 0.9860988884308294 0.0008432942177994951
60118.43617600334 3.285 0.41500000000000004 0.9857042480781751 0.00033499724660687177 0.9780350742215337 1.0082409219813393 0.9860949849632067 -0.0003907368850315507
60118.43639545742 3.285 0.41500000000000004 0.9863266826972134 0.00033506621610643577 0.9780316210038866 1.0082405665984588 0.9860911557121678 0.00023552698504558656
60118.43661491151 3.285 0.41500000000000004 0.9860514577589009 0.0003350272447889547 0.9780282406583175 1.0082402112155666 0.986087399936131 -3.594217723013049e-05
60118.43683436559 3.285 0.41500000000000004 0.9854259354764043 0.000335042359936023 0.9780249324670308 1.0082398558326862 0.9860837169113318 -0.0006577814349274513
60118.43705381968 3.285 0.41500000000000004 0.9861524943736413 0.00033497941902957857 0.9780216957287088 1.0082395004497822 0.9860801059305622 7.238844307910774e-05
60118.43727327376 3.285 0.41500000000000004 0.9860100161258427 0.0003349752877131679 0.9780185297595466 1.0082391450669017 0.9860765663043535 -6.655017851076028e-05
60118.43749272785 3.285 0.41500000000000004 0.9859074901537143 0.000334881168198041 0.9780154338914926 1.0082387896840095 0.9860730973590399 -0.00016560720532565743
60118.437712181934 3.285 0.41500000000000004 0.9864620408502661 0.00033502215720800007 0.9780124074731698 1.0082384343011173 0.986069698437815 0.0003923424124511188
60118.437931636014 3.285 0.41500000000000004 0.986204525061544 0.0003350318431441052 0.9780094498691987 1.0082380789182368 0.9860663689000025 0.00013815616154144728
60118.4381510901 3.285 0.41500000000000004 0.9863356982639754 0.00033506959035924284 0.9780065604596807 1.0082377235353446 0.9860631081205008 0.00027259014347458255
60118.43837054418 3.285 0.41500000000000004 0.9863102340353953 0.0003349848526597395 0.9780037386406497 1.0082373681524641 0.986059915490319 0.00025031854507628903
60118.43858999827 3.285 0.41500000000000004 0.9859427370333226 0.00033484440043296293 0.978000983822996 1.0082370127695601 0.9860567904153884 -0.00011405338206582627
60118.43880945235 3.285 0.41500000000000004 0.9855526313193146 0.0003349410167794412 0.9779982954333653 1.0082366573866797 0.9860537323176066 -0.0005011009982920367
60118.43902890644 3.285 0.41500000000000004 0.9861351647517932 0.0003350058962013479 0.9779956729126743 1.0082363020037874 0.9860507406331804 8.442411861275811e-05
60118.43924836052 3.285 0.41500000000000004 0.9860790265959734 0.00033521051003832365 0.9779931157169911 1.008235946620907 0.9860478148136508 3.121178232257105e-05
60118.439467814605 3.285 0.41500000000000004 0.9859574912933583 0.00033496214295269434 0.9779906233165556 1.0082355912380148 0.986044954324802 -8.746303144369083e-05
60118.43968726869 3.285 0.41500000000000004 0.9856442989760376 0.0003350114312312645 0.9779881951961912 1.0082352358551225 0.9860421586471574 -0.0003978596711198268
60118.43990672277 3.285 0.41500000000000004 0.9856931064834982 0.00033488176280327484 0.977985830854861 1.008234880472242 0.9860394272754972 -0.000346320791999033
60118.440126176865 3.285 0.41500000000000004 0.9861283618241314 0.00033515650704664504 0.9779835298051928 1.008234525089338 0.986036759718333 9.160210579839401e-05
60118.440345630945 3.285 0.41500000000000004 0.9858189559036883 0.00033501740850543093 0.9779812915741577 1.0082341697064576 0.98603415549872 -0.00021519959503168984
60118.440565085024 3.285 0.41500000000000004 0.9855483770530645 0.00033498416519967705 0.9779791157019101 1.0082338143235772 0.9860316141529358 -0.00048323709987130314
60118.44078453911 3.285 0.41500000000000004 0.9859524677855966 0.00033503902047500437 0.9779770017421769 1.008233458940685 0.9860291352309554 -7.66674453587246e-05
60118.44100399319 3.285 0.41500000000000004 0.985945100277602 0.000334954455391754 0.9779749492622296 1.0082331035578045 0.9860267182964442 -8.161801884221109e-05
60118.441223447284 3.285 0.41500000000000004 0.9862458070068139 0.0003349944706607541 0.9779729578421867 1.0082327481749005 0.9860243629259641 0.0002214440808497864
60118.44144290136 3.285 0.41500000000000004 0.986187111193805 0.00033499212148211375 0.9779710270756817 1.00823239279202 0.986022068709784 0.00016504248402093857
60118.44166235545 3.285 0.41500000000000004 0.9857611791767835 0.00033497545021062263 0.9779691565688003 1.0082320374091278 0.9860198352506478 -0.0002586560738643273
60118.44188180953 3.285 0.41500000000000004 0.9860630865944171 0.00033501784484608194 0.9779673459407304 1.0082316820262474 0.9860176621645675 4.5424429849560966e-05
60118.442101263616 3.285 0.41500000000000004 0.9859778537790784 0.0003350859641788888 0.9779655948230718 1.0082313266433551 0.9860155490800235 -3.7695300945106425e-05
60118.4423207177 3.285 0.41500000000000004 0.9857156405647843 0.00033477620708578825 0.9779639028601403 1.008230971260463 0.9860134956383523 -0.00029785507356794305
60118.44254017178 3.285 0.41500000000000004 0.9857081765828933 0.0003349352959783158 0.9779622697086637 1.0082306158775824 0.9860115014934044 -0.00030332491051110466
60118.442759625876 3.285 0.41500000000000004 0.9857869993873942 0.0003350577347282348 0.9779606950374639 1.0082302604946785 0.986009566311179 -0.00022256692378475051
60118.44297907995 3.285 0.41500000000000004 0.9862618762556907 0.0003349777295722907 0.9779591785279809 1.0082299051118098 0.9860076897704896 0.0002541864852011466
60118.443198534034 3.285 0.41500000000000004 0.9856301994510734 0.00033487481672217435 0.9779577198732395 1.0082295497289175 0.9860058715617152 -0.0003756721106417116
60118.44341798812 3.285 0.41500000000000004 0.9866823202961568 0.00033510487545756817 0.9779563187786202 1.0082291943460253 0.986004111387773 0.0006782089083837706
60118.44363744221 3.285 0.41500000000000004 0.9859873883489423 0.00033503051369332106 0.9779549749613068 1.008228838963133 0.9860024089634583 -1.5020614515970365e-05
60118.443856896294 3.285 0.41500000000000004 0.9854931799654517 0.0003348666164222349 0.9779536881502969 1.0082284835802409 0.9860007640154776 -0.0005075840500259332
60118.444076350366 3.285 0.41500000000000004 0.9853700203032383 0.00033479275664380776 0.9779524580863972 1.0082281281973722 0.9859991762824674 -0.0006291559792290791
60118.44429580446 3.285 0.41500000000000004 0.9861219158438862 0.0003349572776685154 0.9779512845217802 1.0082277728144682 0.9859976455144427 0.0001242703294435099
60118.44451525854 3.285 0.41500000000000004 0.9860441746287415 0.00033494112010242725 0.9779501672205861 1.0082274174315877 0.985996171473601 4.800315514053022e-05
60118.444734712626 3.285 0.41500000000000004 0.9859099246748834 0.00033501466221094164 0.977949105958139 1.0082270620486955 0.9859947539333229 -8.482925843955602e-05
60118.44495416671 3.285 0.41500000000000004 0.9856845490791467 0.00033489919112634397 0.9779481005213393 1.0082267066658033 0.9859933926787079 -0.00030884359956118157
60118.445173620785 3.285 0.41500000000000004 0.9863065929146801 0.00033494499222720594 0.9779471507084679 1.0082263512829346 0.9859920875063408 0.0003145054083393273
60118.44539307488 3.285 0.41500000000000004 0.9860862523712377 0.00033510477835108527 0.9779462563288853 1.0082259959000306 0.985990838223897 9.541414734071108e-05
60118.44561252896 3.285 0.41500000000000004 0.9865960282758265 0.0003350382292994634 0.9779454172034916 1.0082256405171501 0.985989644650802 0.0006063836250245203
60118.445831983045 3.285 0.41500000000000004 0.9863500917598317 0.00033493272221232724 0.9779446331641305 1.008225285134258 0.9859885066174228 0.0003615851424089156
60118.446051437124 3.285 0.41500000000000004 0.9856204871764601 0.00033496722389580476 0.9779439040539097 1.0082249297513775 0.985987423965541 -0.0003669367890808406
60118.44627089121 3.285 0.41500000000000004 0.9855256782754584 0.0003349203950824764 0.9779432297269144 1.0082245743684852 0.98598639654796 -0.00046071827250160347
60118.4464903453 3.285 0.41500000000000004 0.9861365336699294 0.00033497019320137506 0.9779426100483334 1.008224218985593 0.9859854242287133 0.00015110944121610181
60118.44670979938 3.285 0.41500000000000004 0.9857996284331639 0.0003349335223199024 0.9779420448943382 1.0082238636027125 0.9859845068829071 -0.00018487844974313106
60118.44692925347 3.285 0.41500000000000004 0.9854241014932971 0.00033501198134276613 0.9779415341519777 1.0082235082198086 0.9859836443965687 -0.0005595429032716481
60118.44714870754 3.285 0.41500000000000004 0.986008919242963 0.000334978976423674 0.9779410777193496 1.0082231528369399 0.9859828366669575 2.6082576005448388e-05
60118.44736816163 3.285 0.41500000000000004 0.9856728908764886 0.0003350497632465123 0.977940675505271 1.0082227974540476 0.9859820836020253 -0.0003091927255367555
60118.447587615716 3.285 0.41500000000000004 0.9864979933623603 0.0003350861993390805 0.9779403274295202 1.0082224420711554 0.9859813851208562 0.000516608241504124
60118.4478070698 3.285 0.41500000000000004 0.9859963447639697 0.00033491793310839465 0.9779400334226671 1.0082220866882632 0.9859807411533913 1.560361057839632e-05
60118.44802652388 3.285 0.41500000000000004 0.9858603442001022 0.0003349220476582432 0.9779397934260904 1.0082217313053827 0.9859801516404811 -0.00011980744037898283
60118.44824597796 3.285 0.41500000000000004 0.98606868729398 0.0003351633099071231 0.9779396073919315 1.0082213759225023 0.9859796165338048 8.907076017516946e-05
60118.448465432055 3.285 0.41500000000000004 0.9859497987398121 0.00033497790808530425 0.9779394752831017 1.0082210205395983 0.985979135795888 -2.9337056075884327e-05
60118.448684886134 3.285 0.41500000000000004 0.9858461781385348 0.00033502077830111133 0.9779393970732885 1.0082206651567178 0.9859787094001905 -0.0001325312616556884
60118.44890434021 3.285 0.41500000000000004 0.9857115364128834 0.0003347751925333427 0.9779393727468957 1.0082203097738374 0.9859783373309073 -0.0002668009180238906
60118.4491237943 3.285 0.41500000000000004 0.985402325459106 0.00033505927043848076 0.9779394022990775 1.0082199543909451 0.9859780195830841 -0.0005756941239780655
60118.44934324838 3.285 0.41500000000000004 0.9865602653655628 0.0003351157685273917 0.9779394857357211 1.0082195990080647 0.9859777561626217 0.0005825092029411172
60118.44956270247 3.285 0.41500000000000004 0.9853799579112439 0.00033498936207344073 0.9779396230734647 1.0082192436251607 0.9859775470862033 -0.0005975891749594453
60118.449782156546 3.285 0.41500000000000004 0.9861905246288529 0.0003350776514326336 0.9779398143396555 1.008218888242292 0.9859773923814009 0.0002131322474520081
60118.45000161063 3.285 0.41500000000000004 0.9859128656936219 0.00033490139247705175 0.9779400595724476 1.0082185328593998 0.9859772920865671 -6.442639294523822e-05
60118.45022106472 3.285 0.41500000000000004 0.9856654846521546 0.00033501122817866213 0.9779403588207227 1.0082181774765075 0.9859772462509508 -0.0003117615987962008
60118.450440518805 3.285 0.41500000000000004 0.9857176539947349 0.0003349169522320185 0.9779407121441567 1.0082178220936153 0.9859772549346608 -0.00025960093992594135
60118.450659972885 3.285 0.41500000000000004 0.9865560373389906 0.0003350838130863503 0.9779411196132133 1.0082174667107349 0.9859773182086936 0.0005787191302969452
