LC/1224/4o3/nrs1/results/S5_wasp-107b_ap5_bg10_Table_Save_ch0.txt
# %ECSV 1.0
# ---
# datatype:
# - {name: time, datatype: float64}
# - {name: wavelength, datatype: float64}
# - {name: bin_width, datatype: float64}
# - {name: lcdata, datatype: float64}
# - {name: lcerr, datatype: float64}
# - {name: transit, datatype: float64}
# - {name: polynom, datatype: float64}
# - {name: model, datatype: float64}
# - {name: residuals, datatype: float64}
# schema: astropy-2.0
time wavelength bin_width lcdata lcerr transit polynom model residuals
[from data line 920]
60118.493892427075 3.285 0.41500000000000004 0.9911511199901899 0.000335318319622541 0.9827073372588779 1.008147389929374 0.9907138371219829 0.0004372828682069896
60118.494111881155 3.285 0.41500000000000004 0.9908507370769858 0.0003354603895312436 0.9830256091409086 1.0081470344468284 0.9910343526406941 -0.0001836155637082726
60118.494331335234 3.285 0.41500000000000004 0.9911738496956874 0.0003354878086789472 0.9833520329806831 1.0081466789642828 0.9913630863022516 -0.00018923660656411379
60118.49455078932 3.285 0.41500000000000004 0.9917647757683122 0.00033538588297421756 0.9836858245019542 1.0081463234817254 0.9916992474327349 6.552833557738058e-05
60118.4947702434 3.285 0.41500000000000004 0.9923166040383123 0.00033558362610388367 0.984026267727749 1.00814596799918 0.9920421142150118 0.00027448982330058325
60118.49498969748 3.285 0.41500000000000004 0.9921967913583296 0.00033569657994306354 0.9843727034086496 1.0081456125166344 0.9923910220225682 -0.000194230664238626
60118.49520915156 3.285 0.41500000000000004 0.9930704816027259 0.0003357246106244364 0.9847245199211935 1.0081452570340887 0.9927453542437212 0.00032512735900469547
60118.495428605645 3.285 0.41500000000000004 0.9931936526162376 0.00033569467285201384 0.9850811461070937 1.0081449015515314 0.9931045350624057 8.911755383189668e-05
60118.49564805972 3.285 0.41500000000000004 0.9937287308342856 0.00033577217854844125 0.9854420454209634 1.0081445460689975 0.9934680235582215 0.00026070727606408717
60118.495867513804 3.285 0.41500000000000004 0.994325681268728 0.0003358556344735447 0.9858067113204065 1.0081441905864403 0.9938353090587919 0.0004903722099360852
60118.49608696788 3.285 0.41500000000000004 0.9944677779688385 0.00033599414713283537 0.9861746631661104 1.0081438351038947 0.9942059070065741 0.00026187096226437667
60118.49630642196 3.285 0.41500000000000004 0.9947396339359535 0.0003358969607872329 0.9865454430516928 1.008143479621349 0.994579355762719 0.000160278173234496
60118.49652587605 3.285 0.41500000000000004 0.9943306748806309 0.0003359678343321909 0.9869186129513348 1.0081431241387917 0.9949552137314815 -0.0006245388508506755
60118.49674533012 3.285 0.41500000000000004 0.9952924217352408 0.00033607628415951123 0.9872937522619131 1.008142768656258 0.9953330568823509 -4.0635147110057446e-05
60118.4969647842 3.285 0.41500000000000004 0.9949788172358837 0.0003359458290343743 0.9876704558385425 1.0081424131737124 0.9957124767694489 -0.0007336595335651896
60118.49718423829 3.285 0.41500000000000004 0.9958471157855533 0.000336138961028581 0.9880483320533714 1.008142057691155 0.9960930785745995 -0.0002459627890462057
60118.49740369237 3.285 0.41500000000000004 0.9956922386491796 0.0003362860779369227 0.9884270011887867 1.0081417022086094 0.9964744794874146 -0.0007822408382350821
60118.497623146446 3.285 0.41500000000000004 0.9962787753349586 0.0003363428098702507 0.9888060940541391 1.0081413467260638 0.9968563073106788 -0.0005775319757201913
60118.497842600525 3.285 0.41500000000000004 0.9978405105737456 0.00033639149844936735 0.9891852506310447 1.0081409912435184 0.9972381990946496 0.0006023114790959516
60118.49806205461 3.285 0.41500000000000004 0.9982698751261971 0.0003364770209941532 0.9895641189095873 1.008140635760961 0.9976197999637466 0.0006500751624505252
60118.498281508684 3.285 0.41500000000000004 0.9982371423338418 0.00033663222035811447 0.989942353730959 1.0081402802784272 0.9980007619498149 0.00023638038402684636
60118.49850096277 3.285 0.41500000000000004 0.9978855229155381 0.0003364773815611114 0.9903196159068163 1.0081399247958698 0.9983807431041724 -0.0004952201886342378
60118.49872041685 3.285 0.41500000000000004 0.9987290139121409 0.00033643390464851855 0.99069557108525 1.0081395693133242 0.9987594063545017 -3.039244236080485e-05
60118.49893987093 3.285 0.41500000000000004 0.9992853541830844 0.00033682314881576644 0.9910698889762449 1.0081392138307788 0.9991364187238687 0.0001489354592156822
60118.499159325016 3.285 0.41500000000000004 0.9996375913255079 0.0003367310960776115 0.9914422424224324 1.0081388583482214 0.9995114503939515 0.0001261409315563844
60118.49937877909 3.285 0.41500000000000004 0.9999340962153327 0.0003369987214045471 0.9918123064928286 1.0081385028656875 0.9998841737914446 4.9922423888126843e-05
60118.499598233175 3.285 0.41500000000000004 1.0003254392332332 0.00033689089929484693 0.9921797577712254 1.0081381473831301 1.000254262870526 7.117636270725924e-05
60118.499817687254 3.285 0.41500000000000004 1.0002708605394244 0.0003369393694580592 0.9925442733369494 1.0081377919005847 1.0006213920854825 -0.0003505315460581304
60118.50003714133 3.285 0.41500000000000004 1.0010145640702466 0.00033705615640373043 0.9929055300399606 1.008137436418039 1.0009852356597801 2.9328410466433752e-05
60118.50025659541 3.285 0.41500000000000004 1.0016014289467654 0.00033703057654340074 0.9932632035563059 1.0081370809354935 1.0013454666338912 0.0002559623128741695
60118.50047604949 3.285 0.41500000000000004 1.0019125712075085 0.00033705036874276953 0.9936169674802222 1.0081367254529479 1.0017017559499994 0.00021081525750910046
60118.50069550358 3.285 0.41500000000000004 1.0023457874294737 0.00033725081235877187 0.9939664923645147 1.0081363699703905 1.0020537714845636 0.0002920159449100179
60118.50091495765 3.285 0.41500000000000004 1.0029198776787531 0.0003373105293047445 0.9943114446245497 1.0081360144878568 1.0024011769434569 0.0005187007352962514
60118.50113441173 3.285 0.41500000000000004 1.0026550334165922 0.0003374001395693701 0.9946514855286809 1.0081356590053112 1.0027436308440685 -8.859742747624466e-05
60118.50135386582 3.285 0.41500000000000004 1.0029734435146522 0.00033738118981527156 0.9949862698604551 1.0081353035227538 1.0030807851667425 -0.0001073416520902537
60118.501573319896 3.285 0.41500000000000004 1.002651467670331 0.00033739292777928607 0.9953154445620014 1.0081349480402082 1.00341228398713 -0.0007608163167989179
60118.501792773975 3.285 0.41500000000000004 1.003097648687581 0.0003375279580252665 0.995638647249026 1.0081345925576628 1.0037377619790593 -0.0006401132914783947
60118.50201222805 3.285 0.41500000000000004 1.0036944644471608 0.0003375674008436203 0.9959555044033139 1.008134237075129 1.0040568425924101 -0.0003623781452493091
60118.50223168214 3.285 0.41500000000000004 1.0044355430098577 0.0003374860844686507 0.9962656294273697 1.0081338815925598 1.004369136091869 6.640691798875942e-05
60118.50245113621 3.285 0.41500000000000004 1.0044133819513066 0.0003376199289990049 0.9965686201352946 1.008133526110026 1.0046742370275976 -0.00026085507629103333
60118.50267059029 3.285 0.41500000000000004 1.004736999226161 0.0003377361400551108 0.9968640561774528 1.0081331706274803 1.0049717216387462 -0.00023472241258515325
60118.50289004438 3.285 0.41500000000000004 1.005158809959291 0.00033777964453922523 0.997151495567285 1.0081328151449231 1.0052611443522175 -0.00010233439292650637
60118.50310949846 3.285 0.41500000000000004 1.0058156908383165 0.00033786000420533963 0.9974304706629915 1.0081324596623775 1.0055420337316845 0.00027365710663196374
60118.50332895254 3.285 0.41500000000000004 1.0057124749465711 0.000337876044386606 0.9977004832321701 1.008132104179832 1.0058138875020828 -0.00010141255551165962
60118.50354840661 3.285 0.41500000000000004 1.0061575085280587 0.0003379237453319414 0.9979609981592674 1.008131748697298 1.0060761662060034 8.134232205536662e-05
60118.503767860704 3.285 0.41500000000000004 1.0061981463048235 0.00033799738113624814 0.9982114355290567 1.0081313932147289 1.0063282852227824 -0.00013013891795887744
60118.503987314776 3.285 0.41500000000000004 1.0064872059654104 0.00033793350200572665 0.9984511600960052 1.0081310377321953 1.0065696041524999 -8.239818708943858e-05
60118.504206768856 3.285 0.41500000000000004 1.0062800299208359 0.00033796205321338213 0.9986794675414844 1.0081306822496496 1.0067994129613136 -0.0005193830404777167
60118.50442622294 3.285 0.41500000000000004 1.006932823522955 0.00033801361652852806 0.9988955652228217 1.0081303267670922 1.0070169125742825 -8.408905132739619e-05
60118.50464567702 3.285 0.41500000000000004 1.0070692539290733 0.0003378807334592917 0.9990985449461508 1.0081299712845466 1.0072211874269954 -0.00015193349792208544
60118.5048651311 3.285 0.41500000000000004 1.0072010851506106 0.0003381238011844515 0.999287342512027 1.0081296158020012 1.0074111646824526 -0.00021007953184204453
60118.50508458517 3.285 0.41500000000000004 1.0075978026679784 0.00033816430093076973 0.999460674175764 1.0081292603194674 1.0075855501752091 1.2252492769260215e-05
60118.50530403926 3.285 0.41500000000000004 1.0078434608495712 0.000338164258610174 0.9996169297170066 1.00812890483691 1.0077427206120402 0.00010074023753103845
60118.50552349334 3.285 0.41500000000000004 1.008159462668443 0.0003381960462388188 0.9997539734099071 1.0081285493543644 1.0078805229249914 0.00027893974345150063
60118.50574294742 3.285 0.41500000000000004 1.007914441334744 0.00033833715017800834 0.9998687139766073 1.0081281938718187 1.0079958407301752 -8.139939543116981e-05
60118.5059624015 3.285 0.41500000000000004 1.0083112749824246 0.000338271973537092 0.9999558932581258 1.0081278383892733 1.0080833731549292 0.00022790182749532484
60118.50618185558 3.285 0.41500000000000004 1.0081929126672726 0.00033832263695052336 1.0 1.0081274829067277 1.0081274829067277 6.542976054491056e-05
60118.50640130966 3.285 0.41500000000000004 1.0083441830245197 0.0003382288963056019 1.0 1.0081271274241703 1.0081271274241703 0.00021705560034934734
60118.506620763736 3.285 0.41500000000000004 1.0082858501525764 0.00033827791099511555 1.0 1.0081267719416365 1.0081267719416365 0.00015907821093996688
60118.506840217815 3.285 0.41500000000000004 1.0086173924425643 0.0003384143147524383 1.0 1.008126416459091 1.008126416459091 0.0004909759834732519
60118.5070596719 3.285 0.41500000000000004 1.0079317691849214 0.00033824782414582636 1.0 1.0081260609765337 1.0081260609765337 -0.0001942917916122333
60118.50727912598 3.285 0.41500000000000004 1.008884046644491 0.0003384384684955285 1.0 1.008125705493988 1.008125705493988 0.0007583411505029947
60118.50749858006 3.285 0.41500000000000004 1.008312261274867 0.00033832477890771636 1.0 1.0081253500114424 1.0081253500114424 0.00018691126342451625
60118.50771803413 3.285 0.41500000000000004 1.0080672564904336 0.00033822408828734757 1.0 1.0081249945289088 1.0081249945289088 -5.773803847519687e-05
60118.507937488226 3.285 0.41500000000000004 1.0078881751272804 0.00033826728675428276 1.0 1.0081246390463396 1.0081246390463396 -0.0002364639190592932
60118.5081569423 3.285 0.41500000000000004 1.0078484715537965 0.00033812904815635906 1.0 1.0081242835638058 1.0081242835638058 -0.0002758120100092576
60118.50837639638 3.285 0.41500000000000004 1.007826052841437 0.0003381893008940971 1.0 1.0081239280812602 1.0081239280812602 -0.00029787523982327535
60118.50859585046 3.285 0.41500000000000004 1.0082894205482695 0.00033821203571890505 1.0 1.0081235725987145 1.0081235725987145 0.00016584794955498694
60118.50881530454 3.285 0.41500000000000004 1.008293328307213 0.00033827698819161 1.0 1.0081232171161574 1.0081232171161574 0.0001701111910556996
60118.50903475862 3.285 0.41500000000000004 1.0082487327832883 0.0003381764859505122 1.0 1.0081228616336118 1.0081228616336118 0.00012587114967654855
60118.509254212695 3.285 0.41500000000000004 1.0082488219979935 0.0003382014419923545 1.0 1.008122506151078 1.008122506151078 0.00012631584691558118
60118.509473666774 3.285 0.41500000000000004 1.008081215615331 0.00033815506143705697 1.0 1.0081221506685323 1.0081221506685323 -4.0935053201351934e-05
60118.50969312085 3.285 0.41500000000000004 1.0082592960497834 0.0003382326388073561 1.0 1.0081217951859869 1.0081217951859869 0.0001375008637964914
60118.50991257494 3.285 0.41500000000000004 1.0082099691739328 0.00033821883278826624 1.0 1.0081214397034295 1.0081214397034295 8.852947050330684e-05
60118.51013202902 3.285 0.41500000000000004 1.0082675220901878 0.00033830996181573195 1.0 1.0081210842208839 1.0081210842208839 0.0001464378693039059
60118.51035148309 3.285 0.41500000000000004 1.007937666962275 0.00033818229626571755 1.0 1.00812072873835 1.00812072873835 -0.00018306177607496643
60118.51057093718 3.285 0.41500000000000004 1.0080143329666387 0.0003382450500923852 1.0 1.0081203732557926 1.0081203732557926 -0.00010604028915395247
60118.51079039126 3.285 0.41500000000000004 1.0081922907394272 0.0003382807034805477 1.0 1.0081200177732472 1.0081200177732472 7.227296617995371e-05
60118.51100984534 3.285 0.41500000000000004 1.0078177572308529 0.00033824004970627606 1.0 1.0081196622907016 1.0081196622907016 -0.0003019050598487283
60118.511229299416 3.285 0.41500000000000004 1.008302623022493 0.00033820608343669665 1.0 1.008119306808156 1.008119306808156 0.00018331621433698153
60118.511448753496 3.285 0.41500000000000004 1.0076986818833278 0.0003382370096382783 1.0 1.0081189513256104 1.0081189513256104 -0.00042026944228257257
60118.511668207575 3.285 0.41500000000000004 1.0080263884421583 0.0003381549034325877 1.0 1.0081185958430647 1.0081185958430647 -9.220740090642998e-05
60118.511887661654 3.285 0.41500000000000004 1.0077902318589833 0.00033811149740724277 1.0 1.0081182403605193 1.0081182403605193 -0.0003280085015360257
60118.51210711574 3.285 0.41500000000000004 1.00836550253277 0.000338181056036042 1.0 1.008117884877962 1.008117884877962 0.0002476176548080744
60118.51232656981 3.285 0.41500000000000004 1.007862955985242 0.00033821815998574773 1.0 1.008117529395428 1.008117529395428 -0.0002545734101861985
60118.51254602389 3.285 0.41500000000000004 1.0080249972526125 0.00033822429944698254 1.0 1.0081171739128825 1.0081171739128825 -9.21766602699492e-05
60118.51276547797 3.285 0.41500000000000004 1.007716889426306 0.0003380647513339501 1.0 1.008116818430337 1.008116818430337 -0.00039992900403107434
60118.51298493205 3.285 0.41500000000000004 1.00878041515919 0.0003384754410144835 1.0 1.0081164629477914 1.0081164629477914 0.0006639522113984775
60118.51320438614 3.285 0.41500000000000004 1.0077302646150508 0.00033812822406451085 1.0 1.008116107465234 1.008116107465234 -0.00038584285018328224
60118.51342384021 3.285 0.41500000000000004 1.0079168085154049 0.00033813595459988985 1.0 1.0081157519827002 1.0081157519827002 -0.00019894346729532053
60118.51364329429 3.285 0.41500000000000004 1.007826128729204 0.0003381894781581388 1.0 1.0081153965001548 1.0081153965001548 -0.00028926777095072964
60118.51386274837 3.285 0.41500000000000004 1.008121326388114 0.0003382573866128044 1.0 1.0081150410176092 1.0081150410176092 6.285370504732768e-06
60118.514082202455 3.285 0.41500000000000004 1.0082035299490801 0.0003383357391503448 1.0 1.0081146855350518 1.0081146855350518 8.884441402834398e-05
60118.514301656534 3.285 0.41500000000000004 1.0077667573403615 0.0003381145642265726 1.0 1.0081143300525062 1.0081143300525062 -0.00034757271214469476
60118.51452111061 3.285 0.41500000000000004 1.0081214564665766 0.0003382236840257484 1.0 1.0081139745699723 1.0081139745699723 7.48189660426668e-06
60118.51474056469 3.285 0.41500000000000004 1.0084799223655807 0.0003383374015361906 1.0 1.0081136190874151 1.0081136190874151 0.0003663032781655584
60118.514960018765 3.285 0.41500000000000004 "" "" 1.0 1.0081132636048813 1.0081132636048813 ""
60118.515179472844 3.285 0.41500000000000004 1.0080121224854508 0.00033814798268824183 1.0 1.0081129081223357 1.0081129081223357 -0.0001007856368848703
60118.51539892693 3.285 0.41500000000000004 1.00810030350282 0.000338059417447658 1.0 1.0081125526397783 1.0081125526397783 -1.2249136958297768e-05
60118.51561838101 3.285 0.41500000000000004 1.0073494080268026 0.00033820663215976244 1.0 1.0081121971572329 1.0081121971572329 -0.0007627891304302636
