LC/1224/4o3/nrs1/results/S5_wasp-107b_ap5_bg10_Table_Save_ch0.txt
# %ECSV 1.0
# ---
# datatype:
# - {name: time, datatype: float64}
# - {name: wavelength, datatype: float64}
# - {name: bin_width, datatype: float64}
# - {name: lcdata, datatype: float64}
# - {name: lcerr, datatype: float64}
# - {name: transit, datatype: float64}
# - {name: polynom, datatype: float64}
# - {name: model, datatype: float64}
# - {name: residuals, datatype: float64}
# schema: astropy-2.0
time wavelength bin_width lcdata lcerr transit polynom model residuals
[from data line 822]
60118.47238592709 3.285 0.41500000000000004 0.986135148601187 0.0003346424389334977 0.9783032734782298 1.0081822272191818 0.986307973151098 -0.00017282454991096596
60118.472605381176 3.285 0.41500000000000004 0.9861954539316593 0.0003345598730645189 0.9783112749330741 1.0081818717366244 0.98631569230307 -0.00012023837141073024
60118.47282483525 3.285 0.41500000000000004 0.9862779095866278 0.0003345421989166467 0.978319421267527 1.0081815162540906 0.9863235575143198 -4.564792769201631e-05
60118.47304428934 3.285 0.41500000000000004 0.986174039818559 0.00033439035420062386 0.9783277150847817 1.0081811607715214 0.9863315714091254 -0.00015753159056641763
60118.47326374341 3.285 0.41500000000000004 0.9857442598963769 0.00033444291710560154 0.9783361590491124 1.0081808052889876 0.9863397366734692 -0.0005954767770922631
60118.4734831975 3.285 0.41500000000000004 0.9860058074243402 0.00033467766803916676 0.9783447558939469 1.0081804498064304 0.9863480560629218 -0.00034224863858156596
60118.47370265158 3.285 0.41500000000000004 0.9866439943740627 0.0003345433851105343 0.9783535084186914 1.0081800943238848 0.9863565323996599 0.00028746197440276955
60118.473922105666 3.285 0.41500000000000004 0.9862374654454278 0.00033455071805509225 0.9783624194946026 1.0081797388413274 0.9863651685782376 -0.00012770313280985324
60118.474141559745 3.285 0.41500000000000004 0.9868082899698205 0.00033468246648411413 0.9783714920644901 1.0081793833587818 0.986373967565389 0.0004343224044315308
60118.474361013825 3.285 0.41500000000000004 0.9864881278574387 0.0003345677903444674 0.9783807291471764 1.0081790278762361 0.9863829324044434 0.00010519545299525479
60118.47458046791 3.285 0.41500000000000004 0.9861363869333857 0.00033444958587086783 0.9783901338391519 1.008178672393679 0.98639206621703 -0.0002556792836443389
60118.47479992199 3.285 0.41500000000000004 0.9863843636105446 0.00033449038532030095 0.9783997093162464 1.0081783169111334 0.9864013722047954 -1.7008594250800257e-05
60118.47501937607 3.285 0.41500000000000004 0.9872364621657502 0.00033473980613941756 0.9784094588382573 1.0081779614285877 0.9864108536540019 0.0008256085117482881
60118.47523883016 3.285 0.41500000000000004 0.9864437136089435 0.0003345041757495794 0.9784193857509249 1.0081776059460303 0.986420513937553 2.319967139041701e-05
60118.475458284236 3.285 0.41500000000000004 0.9868982283702494 0.00033472037885800345 0.978429493487945 1.0081772504634847 0.9864303565170564 0.00046787185319308033
60118.47567773832 3.285 0.41500000000000004 0.9861161135408699 0.0003344968844846569 0.9784397855764572 1.0081768949809276 0.9864403849482771 -0.00032427140740720617
60118.4758971924 3.285 0.41500000000000004 0.986428020023598 0.00033463230641448386 0.9784502656376913 1.008176539498382 0.9864506028818802 -2.25828582822718e-05
60118.47611664649 3.285 0.41500000000000004 0.9864773579949195 0.00033463164894426134 0.9784609373931894 1.0081761840158245 0.9864610140696123 1.6343925307249485e-05
60118.47633610057 3.285 0.41500000000000004 0.9869360205714479 0.00033462868613703543 0.9784718046656928 1.008175828533279 0.9864716223652875 0.00046439820616039906
60118.47655555465 3.285 0.41500000000000004 0.986505641200879 0.0003344699831905697 0.9784828713854558 1.0081754730507333 0.9864824317310716 2.3209469807383698e-05
60118.476775008734 3.285 0.41500000000000004 0.9859930896453893 0.0003345737598674164 0.978494141593267 1.0081751175681761 0.9864934462405636 -0.0005003565951742228
60118.476994462806 3.285 0.41500000000000004 0.9871289130530785 0.0003345318052809602 0.9785056194431784 1.0081747620856423 0.9865046700815904 0.0006242429714881093
60118.4772139169 3.285 0.41500000000000004 0.9866356663210648 0.000334625907050126 0.9785173092115468 1.0081744066030731 0.986516107565187 0.00011955875587776887
60118.47743337097 3.285 0.41500000000000004 0.9866625883327991 0.00033467965565331945 0.9785292152944804 1.0081740511205393 0.9865277631232388 0.00013482520956031863
60118.47765282506 3.285 0.41500000000000004 0.986727098663832 0.0003346452513732277 0.9785413422213528 1.0081736956379819 0.9865396413218525 0.00018745734197955777
60118.47787227914 3.285 0.41500000000000004 0.9863837301972893 0.0003346761664098465 0.9785536946526155 1.0081733401554365 0.9865517468593705 -0.00016801666208121624
60118.478091733225 3.285 0.41500000000000004 0.986380621923523 0.00033447833289715145 0.978566277390528 1.008172984672879 0.9865640845770371 -0.0001834626535140993
60118.478311187304 3.285 0.41500000000000004 0.986923800823205 0.00033451772738766886 0.9785790953813543 1.0081726291903335 0.9865766594613181 0.0003471413618868491
60118.47853064138 3.285 0.41500000000000004 0.9867615503086197 0.0003345438683927182 0.9785921537244746 1.0081722737077878 0.9865894766530046 0.00017207365561511256
60118.47875009547 3.285 0.41500000000000004 0.9862843592628091 0.00033453450634016277 0.9786054576777332 1.0081719182252304 0.9866025414526398 -0.0003181821898307069
60118.47896954955 3.285 0.41500000000000004 "" "" 0.978619012663038 1.008171562742685 0.9866158593261984 ""
60118.47918900363 3.285 0.41500000000000004 0.9869501467777637 0.0003346324284143915 0.9786328242763784 1.0081712072601394 0.9866294359151163 0.0003207108626473998
60118.479408457715 3.285 0.41500000000000004 0.9864772361421988 0.00033458695444161233 0.9786468982943648 1.008170851777582 0.9866432770429184 -0.00016604090071958844
60118.479627911795 3.285 0.41500000000000004 0.9869268884126063 0.00033463285925783683 0.9786612406810978 1.0081704962950364 0.9866573887221785 0.0002694996904278879
60118.47984736588 3.285 0.41500000000000004 0.9867445376385886 0.0003345987192389799 0.9786758576002874 1.008170140812479 0.9866717771666554 7.276047193316426e-05
60118.48006681995 3.285 0.41500000000000004 0.9866509968822397 0.0003344764051348939 0.9786907554203467 1.0081697853299454 0.986686448796533 -3.545191429332739e-05
60118.48028627404 3.285 0.41500000000000004 0.9866489099406698 0.00033450695590554606 0.9787059407302587 1.008169429847388 0.9867014102542765 -5.250031360670704e-05
60118.48050572812 3.285 0.41500000000000004 0.9867498923051418 0.0003347426802366058 0.9787214203433332 1.0081690743648424 0.9867166684085821 3.3223896559686494e-05
60118.4807251822 3.285 0.41500000000000004 0.9866726753587945 0.00033453834488729884 0.9787372013140585 1.0081687188822968 0.9867322303712389 -5.955501244436778e-05
60118.480944636285 3.285 0.41500000000000004 0.987221676383568 0.00033456450698246825 0.9787532909483156 1.0081683633997394 0.9867481035074723 0.00047357287609561816
60118.48116409036 3.285 0.41500000000000004 0.9862889839478252 0.00033467112942550713 0.9787696968141999 1.0081680079172057 0.9867642954468994 -0.00047531149907420467
60118.48138354445 3.285 0.41500000000000004 0.9868674963558967 0.0003346517481867976 0.9787864267624694 1.0081676524346366 0.9867808141040051 8.668225189156775e-05
60118.48160299852 3.285 0.41500000000000004 0.986863652820643 0.00033465691738498624 0.9788034889310797 1.0081672969521027 0.986797667682934 6.598513770905701e-05
60118.48182245261 3.285 0.41500000000000004 0.9870908819290154 0.00033477591204432086 0.978820891773444 1.0081669414695453 0.9868148647057259 0.0002760172232895153
60118.48204190669 3.285 0.41500000000000004 0.986319989447423 0.00033445104557467624 0.9788386440650294 1.0081665859869997 0.9868324140191846 -0.0005124245717615938
60118.482261360776 3.285 0.41500000000000004 0.9871308979720294 0.0003346590622685603 0.9788567549293657 1.0081662305044425 0.9868503248209496 0.000280573151079766
60118.482480814855 3.285 0.41500000000000004 0.9871495555324183 0.00033463172784449724 0.9788752338528219 1.008165875021897 0.9868686066744942 0.00028094885792417923
60118.482700268934 3.285 0.41500000000000004 0.9865732493196984 0.000334518738229114 0.9788940907104359 1.0081655195393513 0.9868872695350874 -0.0003140202153890659
60118.48291972302 3.285 0.41500000000000004 0.9869567235284902 0.00033472958224263873 0.9789133357875939 1.008165164056794 0.986906323771683 5.0399756807206764e-05
60118.4831391771 3.285 0.41500000000000004 0.9867177100043518 0.0003344476261381002 0.9789329798034493 1.0081648085742483 0.9869257801905629 -0.00020807018621105122
60118.48335863118 3.285 0.41500000000000004 0.9867289196903614 0.0003345921671625011 0.9789530339423133 1.0081644530917029 0.9869456500669155 -0.00021673037655411953
60118.48357808526 3.285 0.41500000000000004 0.9864380552735711 0.0003345825965348187 0.9789735098810929 1.0081640976091573 0.9869659451725414 -0.0005278898989703462
60118.483797539346 3.285 0.41500000000000004 0.9870334768717706 0.00033477135931231654 0.9789944198232996 1.0081637421265999 0.9869866778101173 4.679906165327985e-05
60118.484016993425 3.285 0.41500000000000004 0.9872792931791441 0.0003348227991248887 0.9790157765319428 1.0081633866440542 0.9870078608464021 0.000271432332741961
60118.484236447504 3.285 0.41500000000000004 0.987112183489592 0.0003346448416334572 0.9790375933727445 1.0081630311615088 0.9870295077557348 8.267573385711824e-05
60118.48445590159 3.285 0.41500000000000004 0.986566217978194 0.0003345893905804292 0.9790598843549766 1.0081626756789515 0.987051632661238 -0.00048541468304397206
60118.48467535567 3.285 0.41500000000000004 0.9868815664312399 0.00033472184648681143 0.9790826641762953 1.0081623201964058 0.9870742503800524 -0.00019268394881244433
60118.48489480975 3.285 0.41500000000000004 0.9869423436765326 0.0003347819206794035 0.9791059482791342 1.0081619647138602 0.9870973764801192 -0.00015503280358664107
60118.485114263836 3.285 0.41500000000000004 0.9874045062222497 0.00033464749247526763 0.9791297529060119 1.0081616092313028 0.9871210273359728 0.0002834788862768889
60118.48533371791 3.285 0.41500000000000004 0.9872559462642044 0.0003345874284409366 0.9791540951599849 1.0081612537487692 0.9871452201897319 0.00011072607447248917
60118.485553171995 3.285 0.41500000000000004 0.9873765354031383 0.0003349118552117158 0.9791789930843398 1.0081608982662118 0.9871699732313127 0.00020656217182557501
60118.485772626074 3.285 0.41500000000000004 0.9870033650112832 0.0003347048013564235 0.9792044657304068 1.0081605427836662 0.9871953056669567 -0.00019194065567351704
60118.485992080154 3.285 0.41500000000000004 0.9875429143426779 0.00033468233463265215 0.9792305332551335 1.0081601873011206 0.9872212378174716 0.00032167652520631584
60118.48621153424 3.285 0.41500000000000004 0.9872338056393016 0.00033469386470299595 0.9792572170175753 1.0081598318185632 0.987247791215553 -1.3985576251318577e-05
60118.48643098832 3.285 0.41500000000000004 0.9870333436140171 0.0003347210391902604 0.979284539688722 1.0081594763360178 0.9872749887165402 -0.00024164510252311366
60118.486650442406 3.285 0.41500000000000004 0.9877136082760959 0.0003346738537305102 0.9793125253854519 1.0081591208534604 0.9873028546333793 0.0004107536427165881
60118.48686989648 3.285 0.41500000000000004 0.9876731687189386 0.0003346713407118985 0.9793411998079112 1.0081587653709265 0.9873314148752257 0.00034175384371293305
60118.487089350565 3.285 0.41500000000000004 0.9874055923927822 0.00033485519422656783 0.9793705904176351 1.0081584098883691 0.9873606971268762 4.4895265906008675e-05
60118.487308804644 3.285 0.41500000000000004 0.9875023677670756 0.0003346502885433779 0.979400726616606 1.0081580544058235 0.9873907310294474 0.0001116367376281513
60118.48752825872 3.285 0.41500000000000004 0.9874038903665843 0.0003347483354558256 0.9794316399809799 1.0081576989232781 0.9874215484158773 -1.7658049292990086e-05
60118.48774771281 3.285 0.41500000000000004 0.987769821968499 0.00033476735179842934 0.9794633645180949 1.0081573434407207 0.9874531835700728 0.00031663839842621666
60118.48796716689 3.285 0.41500000000000004 0.9870453500488091 0.00033474021813230924 0.9794959369701978 1.008156987958175 0.9874856735331451 -0.00044032348433598045
60118.48818662097 3.285 0.41500000000000004 0.9875243532902008 0.0003348265223649709 0.9795293971853202 1.0081566324756295 0.9875190584772358 5.29481296507317e-06
60118.48840607505 3.285 0.41500000000000004 0.9876497453729158 0.00033489513511628474 0.9795637885501471 1.0081562769930839 0.9875533821419568 9.63632309590734e-05
60118.488625529135 3.285 0.41500000000000004 0.9882167263424154 0.00033498163956375264 0.9795991585218298 1.0081559215105267 0.9875886923705118 0.0006280339719035855
60118.488844983214 3.285 0.41500000000000004 0.9876855374753917 0.0003347554497203795 0.9796355592727319 1.008155566027981 0.9876250417597389 6.0495715652808535e-05
60118.48906443729 3.285 0.41500000000000004 0.9875331938348489 0.00033477575298398836 0.9796730485049377 1.0081552105454354 0.9876624884811841 -0.00012929464633515408
60118.48928389137 3.285 0.41500000000000004 0.9880200033415427 0.00033488280469531597 0.9797116904653702 1.0081548550628898 0.987701097304534 0.0003189060370086816
60118.48950334545 3.285 0.41500000000000004 0.9879015434721333 0.0003348119251762387 0.9797515572584757 1.0081544995803444 0.9877409409209817 0.0001606025511515785
60118.48972279954 3.285 0.41500000000000004 0.9887865042703116 0.00033474087129676573 0.9797927305707173 1.008154144097787 0.9877821016817551 0.0010044025885564967
60118.48994225362 3.285 0.41500000000000004 0.9878028097608229 0.000334928145833835 0.9798353039872663 1.0081537886152414 0.9878246739337292 -2.1864172906282953e-05
60118.4901617077 3.285 0.41500000000000004 0.9884113814810225 0.0003350326745301009 0.9798793862281343 1.0081534331326958 0.9878687672818524 0.0005426141991701217
60118.49038116178 3.285 0.41500000000000004 0.9875387253254448 0.00033484152042646787 0.9799251058063767 1.0081530776501502 0.9879145112853477 -0.00037578595990284125
60118.49060061586 3.285 0.41500000000000004 0.9878555176199456 0.00033499817226040086 0.9799726181128651 1.008152722167593 0.9879620626001879 -0.00010654498024231795
60118.49082006994 3.285 0.41500000000000004 0.9873173496148876 0.0003348242935879691 0.9800221169106913 1.0081523666850474 0.9880116165672036 -0.0006942669523160028
60118.49103952402 3.285 0.41500000000000004 0.9880767948445867 0.00033489886877597014 0.9800738549152804 1.0081520112025018 0.9880634279598288 1.3366884757837205e-05
60118.49125897811 3.285 0.41500000000000004 "" "" 0.9801281867109979 1.0081516557199444 0.9881178542504793 ""
60118.49147843218 3.285 0.41500000000000004 0.987880670976448 0.00033483289939593053 0.9801856902079011 1.0081513002374105 0.9881754780571992 -0.00029480708075113604
60118.49169788627 3.285 0.41500000000000004 0.9880392577515342 0.00033492291384726384 0.9802664192318542 1.0081509447548533 0.988256516660051 -0.00021725890851675977
60118.49191734035 3.285 0.41500000000000004 0.9881622405009959 0.00033482916586678014 0.9804114940796432 1.0081505892723077 0.988402425485736 -0.00024018498474009942
60118.49213679443 3.285 0.41500000000000004 0.9886471765935733 0.0003349414105944452 0.9805920433040541 1.0081502337897503 0.9885840977093512 6.307888422207863e-05
60118.49235624851 3.285 0.41500000000000004 0.9886213248431591 0.0003348257864753371 0.9807987758371305 1.0081498783072047 0.9887921665040584 -0.0001708416608993124
60118.492575702585 3.285 0.41500000000000004 0.9890248440201475 0.00033497509062074815 0.981026824994364 1.008149522824671 0.9890217254962702 3.1185238772435397e-06
60118.49279515668 3.285 0.41500000000000004 0.9891949101452868 0.00033502964246097443 0.9812729785342892 1.008149167342102 0.9892695362446479 -7.462609936104148e-05
60118.49301461075 3.285 0.41500000000000004 0.9896102459113907 0.0003349973543993817 0.9815348747084833 1.008148811859568 0.9895332177360875 7.702817530319539e-05
60118.49323406483 3.285 0.41500000000000004 0.9902310923109241 0.00033527496977742735 0.9818106620202954 1.0081484563770224 0.9898109033702633 0.0004201889406607595
60118.49345351892 3.285 0.41500000000000004 0.9905812885137646 0.0003351362371329167 0.9820988251892909 1.008148100894465 0.9901010655052689 0.000480223008495706
