LC/1224/4o3/nrs1/results/S5_wasp-107b_ap5_bg10_Table_Save_ch0.txt
# %ECSV 1.0
# ---
# datatype:
# - {name: time, datatype: float64}
# - {name: wavelength, datatype: float64}
# - {name: bin_width, datatype: float64}
# - {name: lcdata, datatype: float64}
# - {name: lcerr, datatype: float64}
# - {name: transit, datatype: float64}
# - {name: polynom, datatype: float64}
# - {name: model, datatype: float64}
# - {name: residuals, datatype: float64}
# schema: astropy-2.0
time wavelength bin_width lcdata lcerr transit polynom model residuals
[from data line 1128]
60118.53953887558 3.285 0.41500000000000004 1.0076805424177109 0.00033822437226894265 1.0 1.008073449559895 1.008073449559895 -0.00039290714218420675
60118.539758329665 3.285 0.41500000000000004 "" "" 1.0 1.008073094077338 1.008073094077338 ""
60118.53997778374 3.285 0.41500000000000004 1.0085436616634769 0.00033823422692003287 1.0 1.008072738594804 1.008072738594804 0.00047092306867280165
60118.54019723782 3.285 0.41500000000000004 1.0079885108807936 0.00033822976797638903 1.0 1.0080723831122584 1.0080723831122584 -8.387223146488765e-05
60118.540416691896 3.285 0.41500000000000004 1.0077361356657901 0.00033816211574841094 1.0 1.0080720276297128 1.0080720276297128 -0.0003358919639226965
60118.540636145975 3.285 0.41500000000000004 1.0079653755962263 0.0003381679923795642 1.0 1.0080716721471674 1.0080716721471674 -0.00010629655094107626
60118.540855600055 3.285 0.41500000000000004 1.0082971118260036 0.00033825870377267233 1.0 1.0080713166646218 1.0080713166646218 0.00022579516138176992
60118.54107505413 3.285 0.41500000000000004 1.0073816366471469 0.000338082989378361 1.0 1.008070961182088 1.008070961182088 -0.0006893245349410826
60118.541294508206 3.285 0.41500000000000004 1.0082872009285921 0.00033842430202539486 1.0 1.0080706056995423 1.0080706056995423 0.00021659522904982076
60118.541513962286 3.285 0.41500000000000004 1.0082480630003121 0.00033823884987694745 1.0 1.008070250216997 1.008070250216997 0.0001778127833151899
60118.541733416365 3.285 0.41500000000000004 1.0080802643576923 0.00033831099046857075 1.0 1.0080698947344513 1.0080698947344513 1.0369623240968906e-05
60118.541952870444 3.285 0.41500000000000004 1.0088342020199552 0.0003382316855377773 1.0 1.0080695392519057 1.0080695392519057 0.0007646627680495399
60118.542172324516 3.285 0.41500000000000004 1.0079761250596877 0.00033828800684873887 1.0 1.0080691837693718 1.0080691837693718 -9.3058709684124e-05
60118.542391778596 3.285 0.41500000000000004 1.007573252078754 0.00033818355316698334 1.0 1.0080688282868264 1.0080688282868264 -0.0004955762080725012
60118.54261123267 3.285 0.41500000000000004 1.0079772388350186 0.0003381022659501376 1.0 1.0080684728042926 1.0080684728042926 -9.123396927401828e-05
60118.54283068675 3.285 0.41500000000000004 1.0084808490678092 0.00033831382924893924 1.0 1.008068117321747 1.008068117321747 0.00041273174606226704
60118.54305014083 3.285 0.41500000000000004 1.007861611395002 0.0003382442119154492 1.0 1.0080677618392013 1.0080677618392013 -0.000206150444199249
60118.543269594906 3.285 0.41500000000000004 1.0079484341111402 0.00033825780982619987 1.0 1.008067406356656 1.008067406356656 -0.00011897224551571384
60118.543489048985 3.285 0.41500000000000004 1.0084765094317214 0.0003383088421040949 1.0 1.0080670508741103 1.0080670508741103 0.0004094585576110976
60118.54370850306 3.285 0.41500000000000004 1.0077899839856341 0.00033811693558338085 1.0 1.0080666953915765 1.0080666953915765 -0.00027671140594232035
60118.543927957144 3.285 0.41500000000000004 1.0080827555778507 0.00033825553769041474 1.0 1.008066339909019 1.008066339909019 1.6415668831593067e-05
60118.544147411216 3.285 0.41500000000000004 1.0079110599144692 0.0003381802697982907 1.0 1.0080659844264854 1.0080659844264854 -0.00015492451201626345
60118.544366865295 3.285 0.41500000000000004 1.008704571871757 0.00033822651729998584 1.0 1.0080656289439398 1.0080656289439398 0.0006389429278172987
60118.544586319375 3.285 0.41500000000000004 1.0077453176692988 0.00033825735604711856 1.0 1.0080652734613942 1.0080652734613942 -0.0003199557920954277
60118.544805773454 3.285 0.41500000000000004 1.007396698405424 0.0003383070029247653 1.0 1.0080649179788486 1.0080649179788486 -0.0006682195734246665
60118.54502522753 3.285 0.41500000000000004 1.0082494169146308 0.0003382536489085877 1.0 1.008064562496303 1.008064562496303 0.0001848544183278289
60118.5452446816 3.285 0.41500000000000004 1.0080377226223503 0.00033827412874763165 1.0 1.008064207013781 1.008064207013781 -2.6484391430825482e-05
60118.54546413568 3.285 0.41500000000000004 1.0085903723023584 0.00033817770206608945 1.0 1.0080638515312355 1.0080638515312355 0.0005265207711229181
60118.54568358976 3.285 0.41500000000000004 1.0087442863365388 0.0003382580749988236 1.0 1.0080634960486898 1.0080634960486898 0.0006807902878489536
60118.545903043836 3.285 0.41500000000000004 1.0078975708589346 0.000338110185895893 1.0 1.0080631405661442 1.0080631405661442 -0.00016556970720960074
60118.546122497915 3.285 0.41500000000000004 1.008287827912194 0.00033829993595424956 1.0 1.0080627850835988 1.0080627850835988 0.0002250428285952566
60118.54634195199 3.285 0.41500000000000004 1.0077384955606414 0.0003381328683129406 1.0 1.008062429601065 1.008062429601065 -0.0003239340404235236
60118.546561406074 3.285 0.41500000000000004 1.0076508472479169 0.000338104615291568 1.0 1.0080620741185076 1.0080620741185076 -0.0004112268705906974
60118.546780860146 3.285 0.41500000000000004 1.0080689810879557 0.00033831715536194123 1.0 1.0080617186359737 1.0080617186359737 7.26245198201525e-06
60118.547000314225 3.285 0.41500000000000004 1.007988679339024 0.0003382317675570871 1.0 1.0080613631534283 1.0080613631534283 -7.268381440428406e-05
60118.547219768305 3.285 0.41500000000000004 1.0079361643138158 0.00033822811737992006 1.0 1.0080610076708827 1.0080610076708827 -0.00012484335706686167
60118.547439222384 3.285 0.41500000000000004 1.0076584284167756 0.00033815835492786794 1.0 1.008060652188337 1.008060652188337 -0.00040222377156151623
60118.547658676456 3.285 0.41500000000000004 1.0079437096274277 0.00033826221686038125 1.0 1.0080602967058032 1.0080602967058032 -0.00011658707837547411
60118.54787813053 3.285 0.41500000000000004 1.008588189847771 0.0003384895927723661 1.0 1.0080599412232696 1.0080599412232696 0.000528248624501515
60118.548097584615 3.285 0.41500000000000004 1.0080787808032692 0.0003381393410366624 1.0 1.0080595857407122 1.0080595857407122 1.9195062556986997e-05
60118.54831703869 3.285 0.41500000000000004 1.0083356381429267 0.0003383851212459212 1.0 1.0080592302581783 1.0080592302581783 0.0002764078847483642
60118.548536492766 3.285 0.41500000000000004 1.007998653505831 0.0003381878121679522 1.0 1.0080588747756327 1.0080588747756327 -6.0221269801763455e-05
60118.548755946846 3.285 0.41500000000000004 1.008676062646356 0.00033821104790686597 1.0 1.0080585192930873 1.0080585192930873 0.0006175433532686903
60118.548975400925 3.285 0.41500000000000004 1.0078333536561153 0.0003381358564301831 1.0 1.0080581638105417 1.0080581638105417 -0.00022481015442643582
60118.549194855004 3.285 0.41500000000000004 1.0077388689853772 0.00033814308628819713 1.0 1.008057808327996 1.008057808327996 -0.00031893934261884027
60118.54941430908 3.285 0.41500000000000004 1.0081723194936918 0.00033822089446606016 1.0 1.0080574528454622 1.0080574528454622 0.00011486664822957238
60118.54963376315 3.285 0.41500000000000004 1.0084996262828945 0.00033822031817312595 1.0 1.0080570973629286 1.0080570973629286 0.00044252891996587884
60118.54985321723 3.285 0.41500000000000004 1.0079847114372054 0.0003382236843233895 1.0 1.008056741880383 1.008056741880383 -7.203044317760643e-05
60118.55007267131 3.285 0.41500000000000004 1.0081939840355199 0.00033831108411576686 1.0 1.0080563863978373 1.0080563863978373 0.0001375976376825072
60118.55029212539 3.285 0.41500000000000004 1.0078630434598528 0.00033822636698341676 1.0 1.0080560309152917 1.0080560309152917 -0.00019298745543894213
60118.55051157946 3.285 0.41500000000000004 1.0086403938421173 0.00033831053896330815 1.0 1.008055675432758 1.008055675432758 0.0005847184093592528
60118.550731033545 3.285 0.41500000000000004 1.0079813699523417 0.00033809017646024955 1.0 1.0080553199502007 1.0080553199502007 -7.394999785903522e-05
