LC/1224/4o3/nrs1/results/S5_wasp-107b_ap5_bg10_Table_Save_white.txt
# %ECSV 1.0
# ---
# datatype:
# - {name: time, datatype: float64}
# - {name: wavelength, datatype: float64}
# - {name: bin_width, datatype: float64}
# - {name: lcdata, datatype: float64}
# - {name: lcerr, datatype: float64}
# - {name: transit, datatype: float64}
# - {name: polynom, datatype: float64}
# - {name: model, datatype: float64}
# - {name: residuals, datatype: float64}
# schema: astropy-2.0
time wavelength bin_width lcdata lcerr transit polynom model residuals
60118.291994666804 3.285 0.41500000000000004 1.0081016573067407 0.0003387386151462481 1.0 1.0084744085441748 1.0084744085441748 -0.0003727512374340769
60118.2922141209 3.285 0.41500000000000004 1.0084087505593553 0.0003388085323251985 1.0 1.0084740531612708 1.0084740531612708 -6.530260191550674e-05
60118.29243357499 3.285 0.41500000000000004 1.0082463641067871 0.00033874960803049114 1.0 1.0084736977783668 1.0084736977783668 -0.000227333671579677
60118.292653029086 3.285 0.41500000000000004 1.0088172131826971 0.00033877357252410566 1.0 1.0084733423954628 1.0084733423954628 0.00034387078723430164
60118.29287248318 3.285 0.41500000000000004 1.0082948460831176 0.00033889989860478746 1.0 1.0084729870125588 1.0084729870125588 -0.0001781409294412395
60118.29309193728 3.285 0.41500000000000004 1.0086600284967755 0.0003387678251083921 1.0 1.008472631629643 1.008472631629643 0.00018739686713242776
60118.29331139137 3.285 0.41500000000000004 1.0086909464291762 0.0003386825027603651 1.0 1.0084722762467508 1.0084722762467508 0.0002186701824253845
60118.29353084546 3.285 0.41500000000000004 1.008290547219219 0.0003388445601007526 1.0 1.0084719208638468 1.0084719208638468 -0.0001813736446278913
60118.293750299556 3.285 0.41500000000000004 1.0081998958195946 0.0003388364768970625 1.0 1.0084715654809429 1.0084715654809429 -0.00027166966134828385
60118.29396975365 3.285 0.41500000000000004 1.0081342150714552 0.0003387174293696019 1.0 1.0084712100980389 1.0084712100980389 -0.0003369950265836863
60118.29418920774 3.285 0.41500000000000004 1.0088359596852867 0.0003386820962583175 1.0 1.0084708547151349 1.0084708547151349 0.0003651049701518527
60118.29440866183 3.285 0.41500000000000004 1.0085594188039149 0.00033865718547358324 1.0 1.0084704993322426 1.0084704993322426 8.891947167222192e-05
60118.29462811593 3.285 0.41500000000000004 1.0084331917738245 0.0003387819721019691 1.0 1.0084701439493267 1.0084701439493267 -3.6952175502147355e-05
60118.294847570025 3.285 0.41500000000000004 1.0084972884705827 0.0003389871150863424 1.0 1.0084697885664227 1.0084697885664227 2.7499904160066535e-05
60118.29506702412 3.285 0.41500000000000004 1.0085824348396977 0.00033879664486802913 1.0 1.0084694331835187 1.0084694331835187 0.00011300165617900149
60118.29528647821 3.285 0.41500000000000004 1.008463689423476 0.000338921835747651 1.0 1.0084690778006147 1.0084690778006147 -5.3883771387042145e-06
60118.29550593231 3.285 0.41500000000000004 1.0084532596696776 0.00033877564594093023 1.0 1.0084687224177107 1.0084687224177107 -1.5462748033101548e-05
60118.2957253864 3.285 0.41500000000000004 1.0081755153880856 0.00033861698044993725 1.0 1.0084683670348067 1.0084683670348067 -0.000292851646721104
60118.29594484049 3.285 0.41500000000000004 1.0089771028732402 0.00033889020756717173 1.0 1.0084680116519145 1.0084680116519145 0.0005090912213256971
60118.29616429458 3.285 0.41500000000000004 1.0086000781270055 0.0003388479165147486 1.0 1.0084676562690105 1.0084676562690105 0.00013242185799500206
60118.296383748675 3.285 0.41500000000000004 1.0083169137854562 0.00033883159804435633 1.0 1.0084673008861065 1.0084673008861065 -0.00015038710065029548
60118.29660320277 3.285 0.41500000000000004 1.0082575148725377 0.0003388874678337982 1.0 1.0084669455032025 1.0084669455032025 -0.0002094306306648086
60118.29682265687 3.285 0.41500000000000004 1.0083049149390073 0.0003386710048969991 1.0 1.0084665901202865 1.0084665901202865 -0.00016167518127918612
60118.29704211096 3.285 0.41500000000000004 1.0088923472243878 0.0003390215662264157 1.0 1.0084662347373943 1.0084662347373943 0.0004261124869935351
60118.29726156506 3.285 0.41500000000000004 1.0084242665174472 0.0003387495917185743 1.0 1.0084658793544785 1.0084658793544785 -4.161283703130181e-05
60118.297481019144 3.285 0.41500000000000004 1.0088121850837886 0.0003388476771779665 1.0 1.0084655239715863 1.0084655239715863 0.00034666111220227336
60118.29770047324 3.285 0.41500000000000004 1.0086068974369002 0.00033885667060301334 1.0 1.0084651685886823 1.0084651685886823 0.00014172884821794796
60118.29791992733 3.285 0.41500000000000004 1.008921571029852 0.00033890296231239267 1.0 1.0084648132057783 1.0084648132057783 0.000456757824073728
60118.298139381426 3.285 0.41500000000000004 1.0082504477305572 0.0003387343178316448 1.0 1.0084644578228743 1.0084644578228743 -0.00021401009231714063
60118.29835883552 3.285 0.41500000000000004 1.0082004412336198 0.0003387429776190508 1.0 1.0084641024399703 1.0084641024399703 -0.00026366120635046286
60118.29857828961 3.285 0.41500000000000004 1.008112395329614 0.00033875660298115975 1.0 1.008463747057078 1.008463747057078 -0.0003513517274640332
60118.29879774371 3.285 0.41500000000000004 1.0074481207491783 0.00033855598411679813 1.0 1.0084633916741623 1.0084633916741623 -0.0010152709249839909
60118.299017197794 3.285 0.41500000000000004 1.0078824766996057 0.0003386024688089882 1.0 1.00846303629127 1.00846303629127 -0.0005805595916643647
60118.29923665189 3.285 0.41500000000000004 1.0091270734144249 0.0003389090743840505 1.0 1.008462680908366 1.008462680908366 0.0006643925060587641
60118.29945610598 3.285 0.41500000000000004 1.008212327093668 0.0003386403942581942 1.0 1.008462325525462 1.008462325525462 -0.00024999843179385195
60118.29967556008 3.285 0.41500000000000004 1.0085831331332535 0.0003387473236400784 1.0 1.0084619701425461 1.0084619701425461 0.00012116299070741299
60118.29989501418 3.285 0.41500000000000004 1.0083352807490003 0.0003388133454107788 1.0 1.0084616147596421 1.0084616147596421 -0.000126334010641882
60118.300114468264 3.285 0.41500000000000004 1.0079835421852907 0.0003385903120985232 1.0 1.00846125937675 1.00846125937675 -0.00047771719145917046
60118.30033392236 3.285 0.41500000000000004 1.0080520338839851 0.000338682899219976 1.0 1.008460903993846 1.008460903993846 -0.00040887010986079275
60118.30055337645 3.285 0.41500000000000004 1.0083618354941617 0.0003387338327546359 1.0 1.008460548610942 1.008460548610942 -9.871311678022465e-05
60118.300772830546 3.285 0.41500000000000004 1.009150760784371 0.00033893079705242464 1.0 1.008460193228038 1.008460193228038 0.0006905675563331215
60118.30099228464 3.285 0.41500000000000004 1.0083681425328164 0.00033884790257518845 1.0 1.008459837845134 1.008459837845134 -9.169531231756345e-05
60118.301211738726 3.285 0.41500000000000004 1.0084678115467574 0.000338886445953663 1.0 1.0084594824622417 1.0084594824622417 8.329084515645846e-06
60118.30143119283 3.285 0.41500000000000004 1.008593776144627 0.0003388244305557219 1.0 1.008459127079326 1.008459127079326 0.00013464906530114007
60118.301650646914 3.285 0.41500000000000004 1.0083112221910266 0.00033877328859028806 1.0 1.0084587716964337 1.0084587716964337 -0.00014754950540707412
60118.30187010101 3.285 0.41500000000000004 1.008210515827665 0.0003386086692186073 1.0 1.0084584163135297 1.0084584163135297 -0.0002479004858646494
60118.3020895551 3.285 0.41500000000000004 1.0078822895137307 0.0003387610056383336 1.0 1.0084580609306255 1.0084580609306255 -0.0005757714168947992
60118.302309009196 3.285 0.41500000000000004 1.0085269796892682 0.0003388477724197091 1.0 1.0084577055477215 1.0084577055477215 6.927414154667133e-05
60118.30252846329 3.285 0.41500000000000004 1.0084134745828812 0.0003387544065747504 1.0 1.0084573501648175 1.0084573501648175 -4.3875581936303476e-05
60118.302747917376 3.285 0.41500000000000004 1.0082420448009939 0.0003387156059021607 1.0 1.0084569947819253 1.0084569947819253 -0.0002149499809314115
60118.30296737148 3.285 0.41500000000000004 1.0079286289081202 0.00033862333337915927 1.0 1.0084566393990095 1.0084566393990095 -0.0005280104908893524
60118.303186825564 3.285 0.41500000000000004 1.0085441979343166 0.0003387322044030987 1.0 1.0084562840161173 1.0084562840161173 8.79139181992894e-05
60118.30340627966 3.285 0.41500000000000004 1.0084696795404173 0.0003387649539902624 1.0 1.0084559286332133 1.0084559286332133 1.3750907204013174e-05
60118.30362573375 3.285 0.41500000000000004 1.0085955132484452 0.00033882666883293703 1.0 1.0084555732503093 1.0084555732503093 0.0001399399981358851
60118.30384518784 3.285 0.41500000000000004 1.0082525562265452 0.00033875141327705785 1.0 1.008455217867417 1.008455217867417 -0.00020266164087190397
60118.30406464195 3.285 0.41500000000000004 1.008329873620862 0.00033887485189520506 1.0 1.0084548624844896 1.0084548624844896 -0.00012498886362766193
60118.30428409603 3.285 0.41500000000000004 1.008159421123066 0.0003388427772198746 1.0 1.0084545071015973 1.0084545071015973 -0.0002950859785313398
60118.30450355013 3.285 0.41500000000000004 1.0082583025928942 0.0003385574240309565 1.0 1.0084541517186931 1.0084541517186931 -0.00019584912579895253
60118.30472300422 3.285 0.41500000000000004 1.0085790755537407 0.0003387934396374922 1.0 1.0084537963357891 1.0084537963357891 0.00012527921795157937
60118.304942458315 3.285 0.41500000000000004 1.0089462364120922 0.00033891539367201677 1.0 1.0084534409528851 1.0084534409528851 0.0004927954592071071
60118.30516191241 3.285 0.41500000000000004 1.0078289136601024 0.00033886689046971257 1.0 1.0084530855699811 1.0084530855699811 -0.0006241719098787346
60118.305381366496 3.285 0.41500000000000004 1.0081491049857074 0.0003387871416720018 1.0 1.008452730187089 1.008452730187089 -0.0003036252013814966
60118.3056008206 3.285 0.41500000000000004 1.0084876318140137 0.0003387754998640114 1.0 1.0084523748041732 1.0084523748041732 3.525700984052804e-05
60118.30582027468 3.285 0.41500000000000004 1.00863925195305 0.00033879661061645414 1.0 1.008452019421281 1.008452019421281 0.00018723253176911037
60118.30603972878 3.285 0.41500000000000004 1.008078667258857 0.00033865555786788713 1.0 1.008451664038377 1.008451664038377 -0.0003729967795198519
60118.30625918287 3.285 0.41500000000000004 1.008382503344333 0.0003387601093144961 1.0 1.008451308655473 1.008451308655473 -6.880531113995225e-05
60118.306478636965 3.285 0.41500000000000004 1.0080881405863693 0.0003387770464486382 1.0 1.008450953272569 1.008450953272569 -0.0003628126861996428
60118.30669809106 3.285 0.41500000000000004 1.0084262707485019 0.0003387756903549067 1.0 1.008450597889665 1.008450597889665 -2.4327141163071886e-05
60118.306917545146 3.285 0.41500000000000004 1.0084913054606637 0.0003388423263192496 1.0 1.0084502425067727 1.0084502425067727 4.106295389094683e-05
60118.30713699925 3.285 0.41500000000000004 1.0082811854479157 0.000338907035354628 1.0 1.0084498871238567 1.0084498871238567 -0.00016870167594107421
60118.30735645333 3.285 0.41500000000000004 1.0081798031515148 0.0003386442945836953 1.0 1.0084495317409645 1.0084495317409645 -0.0002697285894497359
60118.30757590743 3.285 0.41500000000000004 1.009137145230455 0.000338974103789274 1.0 1.0084491763580605 1.0084491763580605 0.0006879688723944177
60118.30779536152 3.285 0.41500000000000004 1.0088604718348888 0.0003387999189601208 1.0 1.0084488209751565 1.0084488209751565 0.000411650859732271
60118.30801481561 3.285 0.41500000000000004 1.0083096028534484 0.00033878710639160517 1.0 1.0084484655922643 1.0084484655922643 -0.0001388627388159147
60118.30823426971 3.285 0.41500000000000004 1.0079923121579293 0.00033866410612608125 1.0 1.0084481102093485 1.0084481102093485 -0.000455798051419265
60118.308453723796 3.285 0.41500000000000004 1.0084843086336976 0.00033898206268331057 1.0 1.0084477548264563 1.0084477548264563 3.6553807241324066e-05
60118.30867317789 3.285 0.41500000000000004 1.0090407258825382 0.0003388602101867252 1.0 1.0084473994435523 1.0084473994435523 0.0005933264389859083
60118.30889263198 3.285 0.41500000000000004 1.0084096374511582 0.00033874613506376677 1.0 1.0084470440606483 1.0084470440606483 -3.740660949014263e-05
60118.30911208608 3.285 0.41500000000000004 1.0087486854618342 0.00033880681952394765 1.0 1.0084466886777443 1.0084466886777443 0.00030199678408981967
60118.30933154017 3.285 0.41500000000000004 1.0081807923026216 0.00033877343846699264 1.0 1.0084463332948403 1.0084463332948403 -0.00026554099221876015
60118.30955099426 3.285 0.41500000000000004 1.0088060673049752 0.00033896888993899173 1.0 1.0084459779119481 1.0084459779119481 0.00036008939302711873
60118.30977044836 3.285 0.41500000000000004 1.0082635753132492 0.0003386358420625654 1.0 1.0084456225290321 1.0084456225290321 -0.00018204721578296557
60118.309989902446 3.285 0.41500000000000004 1.0081732394757106 0.00033874894470603263 1.0 1.00844526714614 1.00844526714614 -0.0002720276704293312
60118.31020935654 3.285 0.41500000000000004 1.007855166644964 0.00033871231490041756 1.0 1.008444911763236 1.008444911763236 -0.0005897451182719227
60118.31042881063 3.285 0.41500000000000004 1.0084345379808493 0.000338823613003562 1.0 1.008444556380332 1.008444556380332 -1.0018399482669693e-05
60118.31064826472 3.285 0.41500000000000004 1.008122995193734 0.000338652432228773 1.0 1.0084442009974397 1.0084442009974397 -0.00032120580370564866
60118.310867718814 3.285 0.41500000000000004 1.0089606335647388 0.0003387876223903511 1.0 1.0084438456145357 1.0084438456145357 0.0005167879502030459
60118.3110871729 3.285 0.41500000000000004 1.007499989873083 0.0003384377943505937 1.0 1.0084434902316435 1.0084434902316435 -0.0009435003585605006
60118.311306627 3.285 0.41500000000000004 1.0082232054993105 0.0003388466094736691 1.0 1.0084431348487277 1.0084431348487277 -0.00021992934941716946
60118.31152608109 3.285 0.41500000000000004 1.0080933193213053 0.00033870600710859256 1.0 1.0084427794658355 1.0084427794658355 -0.00034946014453018925
60118.31174553518 3.285 0.41500000000000004 1.0081107001922645 0.0003387176235347343 1.0 1.0084424240829315 1.0084424240829315 -0.0003317238906670461
60118.311964989276 3.285 0.41500000000000004 1.0087590898114 0.00033878878993445126 1.0 1.0084420687000275 1.0084420687000275 0.00031702111137255073
60118.31218444336 3.285 0.41500000000000004 1.007980707219418 0.00033884969034478585 1.0 1.0084417133171353 1.0084417133171353 -0.00046100609771726475
60118.312403897464 3.285 0.41500000000000004 1.0083051228529663 0.00033885203594377183 1.0 1.0084413579342193 1.0084413579342193 -0.0001362350812530444
60118.31262335155 3.285 0.41500000000000004 1.0086326087512112 0.00033884076264241474 1.0 1.008441002551327 1.008441002551327 0.0001916061998841201
60118.312842805644 3.285 0.41500000000000004 "" "" 1.0 1.008440647168423 1.008440647168423 ""
60118.31306225974 3.285 0.41500000000000004 1.008751633227186 0.00033890064903471486 1.0 1.008440291785519 1.008440291785519 0.00031134144166689026
60118.31328171383 3.285 0.41500000000000004 1.0087578434139515 0.0003387063196668155 1.0 1.008439936402615 1.008439936402615 0.00031790701133638244
60118.313501167926 3.285 0.41500000000000004 1.0085582502786554 0.00033876181954173057 1.0 1.008439581019711 1.008439581019711 0.00011866925894432612
60118.31372062201 3.285 0.41500000000000004 1.0089201088679165 0.000338848903166003 1.0 1.0084392256368189 1.0084392256368189 0.00048088323109762854
60118.313940076114 3.285 0.41500000000000004 1.009034486280346 0.00033897651479071115 1.0 1.008438870253903 1.008438870253903 0.0005956160264428689
60118.3141595302 3.285 0.41500000000000004 1.008986513090351 0.0003388846523439237 1.0 1.0084385148710109 1.0084385148710109 0.0005479982193401511
60118.314378984294 3.285 0.41500000000000004 1.0080368688956733 0.00033868647120599565 1.0 1.0084381594881069 1.0084381594881069 -0.00040129059243354526
60118.31459843839 3.285 0.41500000000000004 1.008357808794145 0.000338873192083787 1.0 1.008437804105203 1.008437804105203 -7.999531105795654e-05
60118.31481789248 3.285 0.41500000000000004 1.0087534173213768 0.00033881692882834787 1.0 1.008437448722299 1.008437448722299 0.0003159685990778982
60118.31503734657 3.285 0.41500000000000004 1.0088142110235672 0.0003388617106361612 1.0 1.0084370933394067 1.0084370933394067 0.0003771176841604884
60118.315256800655 3.285 0.41500000000000004 1.008530606322711 0.0003389549446609042 1.0 1.0084367379565145 1.0084367379565145 9.386836619662553e-05
