LC/1224/4o3/nrs1/results/S5_wasp-107b_ap5_bg10_Table_Save_ch0.txt
# %ECSV 1.0
# ---
# datatype:
# - {name: time, datatype: float64}
# - {name: wavelength, datatype: float64}
# - {name: bin_width, datatype: float64}
# - {name: lcdata, datatype: float64}
# - {name: lcerr, datatype: float64}
# - {name: transit, datatype: float64}
# - {name: polynom, datatype: float64}
# - {name: model, datatype: float64}
# - {name: residuals, datatype: float64}
# schema: astropy-2.0
time wavelength bin_width lcdata lcerr transit polynom model residuals
[from data line 1021]
60118.51605728916 3.285 0.41500000000000004 1.0083567736733288 0.0003382720131760677 1.0 1.0081114861921534 1.0081114861921534 0.00024528748117536026
60118.51627674325 3.285 0.41500000000000004 1.0086625594702032 0.00033843275753415075 1.0 1.008111130709596 1.008111130709596 0.0005514287606072088
60118.51649619732 3.285 0.41500000000000004 1.0080524542548233 0.0003382449925929971 1.0 1.0081107752270624 1.0081107752270624 -5.832097223912314e-05
60118.51671565141 3.285 0.41500000000000004 1.0083894185524296 0.0003383799917557286 1.0 1.008110419744505 1.008110419744505 0.00027899880792459086
60118.51693510549 3.285 0.41500000000000004 1.0079440647046007 0.0003383458019009541 1.0 1.0081100642619594 1.0081100642619594 -0.00016599955735863148
60118.51715455956 3.285 0.41500000000000004 1.0086180202879664 0.0003381933687778665 1.0 1.0081097087794255 1.0081097087794255 0.0005083115085409151
60118.517374013645 3.285 0.41500000000000004 1.0078895925441582 0.0003383101598466223 1.0 1.0081093532968681 1.0081093532968681 -0.0002197607527099077
60118.51759346772 3.285 0.41500000000000004 1.0083190473749162 0.0003381744221186739 1.0 1.0081089978143345 1.0081089978143345 0.00021004956058168212
60118.5178129218 3.285 0.41500000000000004 1.008063112049922 0.0003381802385080661 1.0 1.0081086423317889 1.0081086423317889 -4.553028186693453e-05
60118.51803237588 3.285 0.41500000000000004 1.008218691267699 0.0003382415174120778 1.0 1.0081082868492315 1.0081082868492315 0.00011040441846743576
60118.51825182996 3.285 0.41500000000000004 1.0079342415166526 0.00033830125221501965 1.0 1.0081079313666859 1.0081079313666859 -0.0001736898500332984
60118.51847128404 3.285 0.41500000000000004 1.0078943379138294 0.00033826149428713023 1.0 1.0081075758841405 1.0081075758841405 -0.00021323797031103098
60118.518690738114 3.285 0.41500000000000004 1.0083057184609285 0.0003382042716638371 1.0 1.0081072204016066 1.0081072204016066 0.00019849805932192766
60118.5189101922 3.285 0.41500000000000004 1.0077411828936287 0.00033824814464198814 1.0 1.0081068649190492 1.0081068649190492 -0.00036568202542053285
60118.51912964627 3.285 0.41500000000000004 1.0083944143987018 0.00033846339163611726 1.0 1.0081065094365154 1.0081065094365154 0.0002879049621864471
60118.51934910035 3.285 0.41500000000000004 1.008500767738255 0.00033832600952366616 1.0 1.00810615395397 1.00810615395397 0.0003946137842849584
60118.51956855444 3.285 0.41500000000000004 1.0080312679653898 0.00033795850520937864 1.0 1.0081057984714126 1.0081057984714126 -7.453050602279632e-05
60118.51978800852 3.285 0.41500000000000004 1.0081440935858756 0.0003381024930494356 1.0 1.008105442988867 1.008105442988867 3.8650597008693666e-05
60118.5200074626 3.285 0.41500000000000004 1.008352772491565 0.0003384688371818526 1.0 1.0081050875063213 1.0081050875063213 0.0002476849852437457
60118.52022691667 3.285 0.41500000000000004 1.007961640793065 0.0003382458631715341 1.0 1.0081047320237875 1.0081047320237875 -0.00014309123072253627
60118.520446370756 3.285 0.41500000000000004 1.0087721179524447 0.00033825319863238984 1.0 1.0081043765412303 1.0081043765412303 0.0006677414112143953
60118.52066582483 3.285 0.41500000000000004 1.0080199098721783 0.00033834574133142733 1.0 1.0081040210586965 1.0081040210586965 -8.411118651818761e-05
60118.52088527891 3.285 0.41500000000000004 1.0082350209544588 0.0003383478727841571 1.0 1.0081036655761508 1.0081036655761508 0.0001313553783079957
60118.52110473299 3.285 0.41500000000000004 1.008660951660991 0.00033828250487992186 1.0 1.0081033100936052 1.0081033100936052 0.0005576415673858026
60118.521324187066 3.285 0.41500000000000004 1.008392997820575 0.00033819204061072503 1.0 1.0081029546110598 1.0081029546110598 0.0002900432095152006
60118.52154364115 3.285 0.41500000000000004 1.008200759833666 0.0003382535865809566 1.0 1.0081025991285024 1.0081025991285024 9.816070516355246e-05
60118.521763095225 3.285 0.41500000000000004 1.008328557785363 0.0003382618914532268 1.0 1.0081022436459686 1.0081022436459686 0.00022631413939433465
60118.521982549304 3.285 0.41500000000000004 1.0075672243764846 0.0003381290936156603 1.0 1.008101888163423 1.008101888163423 -0.0005346637869383386
60118.52220200338 3.285 0.41500000000000004 1.0076742147423008 0.0003381380579735385 1.0 1.0081015326808773 1.0081015326808773 -0.00042731793857653244
60118.52242145746 3.285 0.41500000000000004 1.0077787583534368 0.0003381336232282974 1.0 1.008101177198332 1.008101177198332 -0.00032241884489514483
60118.52264091154 3.285 0.41500000000000004 1.008652572911088 0.000338249058474769 1.0 1.0081008217157863 1.0081008217157863 0.0005517511953017085
60118.522860365614 3.285 0.41500000000000004 1.0081296543446936 0.00033820923560830306 1.0 1.0081004662332524 1.0081004662332524 2.9188111441147413e-05
60118.5230798197 3.285 0.41500000000000004 1.0084605014154586 0.00033826765147538883 1.0 1.008100110750695 1.008100110750695 0.00036039066476356574
60118.52329927378 3.285 0.41500000000000004 1.0079306011959623 0.0003382466453958717 1.0 1.0080997552681497 1.0080997552681497 -0.00016915407218731637
60118.52351872786 3.285 0.41500000000000004 1.0088819050757385 0.0003382764026009298 1.0 1.008099399785604 1.008099399785604 0.0007825052901344609
60118.52373818194 3.285 0.41500000000000004 1.0080196909383405 0.0003383669198495878 1.0 1.0080990443030584 1.0080990443030584 -7.935336471787124e-05
60118.52395763602 3.285 0.41500000000000004 1.0075089744934052 0.0003382304014294504 1.0 1.0080986888205128 1.0080986888205128 -0.0005897143271076377
60118.5241770901 3.285 0.41500000000000004 1.0077515304256375 0.0003382235990189144 1.0 1.0080983333379674 1.0080983333379674 -0.0003468029123299132
60118.52439654417 3.285 0.41500000000000004 1.0079157437101385 0.00033831137107825454 1.0 1.0080979778554335 1.0080979778554335 -0.0001822341452950571
60118.524615998256 3.285 0.41500000000000004 1.0078355063976498 0.0003382040471059653 1.0 1.0080976223728761 1.0080976223728761 -0.0002621159752262958
60118.52483545233 3.285 0.41500000000000004 1.007452377444022 0.0003382621831921891 1.0 1.0080972668903423 1.0080972668903423 -0.0006448894463202404
60118.52505490641 3.285 0.41500000000000004 1.0080655178805475 0.0003382643852915371 1.0 1.008096911407797 1.008096911407797 -3.1393527249345965e-05
60118.52527436049 3.285 0.41500000000000004 1.0076471395751723 0.00033821554341056107 1.0 1.0080965559252513 1.0080965559252513 -0.0004494163500790016
60118.525493814566 3.285 0.41500000000000004 1.007854081097346 0.0003382788103794405 1.0 1.0080962004427056 1.0080962004427056 -0.0002421193453596704
60118.52571326865 3.285 0.41500000000000004 1.0082435830520062 0.0003383190232309901 1.0 1.0080958449601483 1.0080958449601483 0.00014773809185797404
60118.525932722725 3.285 0.41500000000000004 1.007983492149538 0.0003382424308236992 1.0 1.0080954894776144 1.0080954894776144 -0.00011199732807631868
60118.526152176804 3.285 0.41500000000000004 1.007509220278944 0.0003383416866295557 1.0 1.008095133995069 1.008095133995069 -0.0005859137161250416
60118.526371630884 3.285 0.41500000000000004 1.0078218259445915 0.0003381489642255907 1.0 1.0080947785125234 1.0080947785125234 -0.0002729525679319167
60118.52659108496 3.285 0.41500000000000004 1.007846152757628 0.00033831091768690095 1.0 1.0080944230299778 1.0080944230299778 -0.00024827027234985977
60118.52681053904 3.285 0.41500000000000004 1.0074145624467525 0.00033801692905080884 1.0 1.0080940675474321 1.0080940675474321 -0.0006795051006796005
60118.527029993114 3.285 0.41500000000000004 1.0081529816863235 0.0003381625717494199 1.0 1.0080937120648985 1.0080937120648985 5.926962142499548e-05
60118.5272494472 3.285 0.41500000000000004 1.0081976239650807 0.0003381440538808837 1.0 1.0080933565823411 1.0080933565823411 0.000104267382739609
60118.52746890127 3.285 0.41500000000000004 1.008308268483103 0.00033841239403281404 1.0 1.0080930010998073 1.0080930010998073 0.00021526738329580297
60118.52768835535 3.285 0.41500000000000004 1.0080002557562133 0.0003382457331985282 1.0 1.0080926456172616 1.0080926456172616 -9.238986104831426e-05
60118.52790780943 3.285 0.41500000000000004 1.0080818456946103 0.00033813643248969884 1.0 1.0080922901347162 1.0080922901347162 -1.0444440105894515e-05
60118.52812726351 3.285 0.41500000000000004 1.007579405087804 0.00033822476282828256 1.0 1.0080919346521706 1.0080919346521706 -0.0005125295643666483
60118.52834671759 3.285 0.41500000000000004 1.0081566040924412 0.00033824109871544893 1.0 1.008091579169625 1.008091579169625 6.502492281623695e-05
60118.52856617167 3.285 0.41500000000000004 1.0083812865004764 0.00033817382353019124 1.0 1.0080912236870794 1.0080912236870794 0.00029006281339705176
60118.52878562576 3.285 0.41500000000000004 1.0083430763843306 0.00033829037881844985 1.0 1.008090868204522 1.008090868204522 0.00025220817980864396
60118.52900507983 3.285 0.41500000000000004 "" "" 1.0 1.0080905127219884 1.0080905127219884 ""
60118.52922453391 3.285 0.41500000000000004 1.0084848442017118 0.0003384851944645948 1.0 1.0080901572394427 1.0080901572394427 0.0003946869622690752
60118.52944398799 3.285 0.41500000000000004 1.0081363269537287 0.0003382913533829439 1.0 1.008089801756897 1.008089801756897 4.6525196831570526e-05
60118.52966344206 3.285 0.41500000000000004 1.0081580056748147 0.0003382777102336265 1.0 1.0080894462743635 1.0080894462743635 6.85594004512513e-05
60118.529882896146 3.285 0.41500000000000004 1.0080446308087465 0.0003382596570365027 1.0 1.008089090791806 1.008089090791806 -4.445998305957488e-05
60118.53010235022 3.285 0.41500000000000004 1.0081593859872975 0.0003381637772363931 1.0 1.0080887353092722 1.0080887353092722 7.065067802525249e-05
60118.5303218043 3.285 0.41500000000000004 1.0082158902150504 0.00033827373103908353 1.0 1.0080883798267266 1.0080883798267266 0.0001275103883238149
60118.53054125838 3.285 0.41500000000000004 1.0079534250748126 0.00033832559165067555 1.0 1.008088024344181 1.008088024344181 -0.00013459926936842947
60118.530760712456 3.285 0.41500000000000004 1.0081171601695171 0.00033824234459253516 1.0 1.0080876688616356 1.0080876688616356 2.949130788154619e-05
60118.530980166535 3.285 0.41500000000000004 1.008476973299198 0.00033815516243261166 1.0 1.00808731337909 1.00808731337909 0.0003896599201080875
60118.53119962061 3.285 0.41500000000000004 1.008144127377514 0.00033833234602294397 1.0 1.0080869578965561 1.0080869578965561 5.716948095790819e-05
60118.531419074694 3.285 0.41500000000000004 1.008204542768672 0.00033810409322506963 1.0 1.0080866024139987 1.0080866024139987 0.00011794035467338482
60118.531638528766 3.285 0.41500000000000004 1.0078313745149754 0.00033808517986832034 1.0 1.008086246931465 1.008086246931465 -0.00025487241648969317
60118.531857982845 3.285 0.41500000000000004 1.0077898604732738 0.00033827919874042926 1.0 1.0080858914489195 1.0080858914489195 -0.00029603097564567804
60118.532077436925 3.285 0.41500000000000004 1.0084444456863335 0.0003382027496837578 1.0 1.0080855359663738 1.0080855359663738 0.0003589097199596658
60118.532296891004 3.285 0.41500000000000004 1.0083760426213668 0.0003382770514374926 1.0 1.0080851804838282 1.0080851804838282 0.00029086213753859447
60118.53251634508 3.285 0.41500000000000004 1.0078865441827383 0.00033810224063424935 1.0 1.0080848250012828 1.0080848250012828 -0.0001982808185445606
60118.532735799155 3.285 0.41500000000000004 1.0075569941974571 0.00033843358883519725 1.0 1.008084469518749 1.008084469518749 -0.000527475321291826
60118.53295525324 3.285 0.41500000000000004 1.008220231543127 0.0003380908436094052 1.0 1.0080841140361916 1.0080841140361916 0.00013611750693542923
60118.533174707314 3.285 0.41500000000000004 1.0079594595613883 0.0003383209364005694 1.0 1.0080837585536577 1.0080837585536577 -0.00012429899226940044
60118.53339416139 3.285 0.41500000000000004 1.0079667542121271 0.00033830812953823745 1.0 1.0080834030711123 1.0080834030711123 -0.00011664885898521327
60118.53361361547 3.285 0.41500000000000004 1.0082147704702782 0.0003381634524461201 1.0 1.0080830475885667 1.0080830475885667 0.0001317228817114824
60118.533833069545 3.285 0.41500000000000004 1.0076993235219454 0.0003381558413019086 1.0 1.0080826921060329 1.0080826921060329 -0.00038336858408749563
60118.53405252363 3.285 0.41500000000000004 1.0077308947485137 0.000338170679961932 1.0 1.0080823366234755 1.0080823366234755 -0.0003514418749617221
60118.5342719777 3.285 0.41500000000000004 1.0082113683959568 0.00033826399043549083 1.0 1.0080819811409418 1.0080819811409418 0.00012938725501498993
60118.53449143178 3.285 0.41500000000000004 1.0080664155142676 0.0003383033283318525 1.0 1.0080816256583962 1.0080816256583962 -1.521014412864119e-05
60118.53471088586 3.285 0.41500000000000004 1.0083690611203404 0.0003382904255619858 1.0 1.0080812701758506 1.0080812701758506 0.00028779094448982967
60118.53493033994 3.285 0.41500000000000004 1.0082973004207858 0.00033824149093124415 1.0 1.008080914693305 1.008080914693305 0.00021638572748083895
60118.53514979402 3.285 0.41500000000000004 1.0079508089674707 0.00033812680875906586 1.0 1.0080805592107593 1.0080805592107593 -0.00012975024328865103
60118.53536924809 3.285 0.41500000000000004 1.0075207945801588 0.0003380826103302659 1.0 1.0080802037282257 1.0080802037282257 -0.0005594091480669583
60118.53558870218 3.285 0.41500000000000004 1.0078621401900114 0.0003382366623079488 1.0 1.0080798482456683 1.0080798482456683 -0.00021770805565690665
60118.53580815625 3.285 0.41500000000000004 1.0076780858163037 0.00033812279643355344 1.0 1.0080794927631345 1.0080794927631345 -0.0004014069468307735
60118.53602761033 3.285 0.41500000000000004 1.0080216300532552 0.0003381617484657226 1.0 1.0080791372805888 1.0080791372805888 -5.750722733366409e-05
60118.53624706441 3.285 0.41500000000000004 1.0077610742050422 0.0003381498468474021 1.0 1.0080787817980434 1.0080787817980434 -0.0003177075930012041
60118.53646651849 3.285 0.41500000000000004 1.0071666065425373 0.0003380020687659134 1.0 1.0080784263154978 1.0080784263154978 -0.0009118197729605093
60118.53668597257 3.285 0.41500000000000004 1.0080410090319958 0.00033827260944518613 1.0 1.0080780708329522 1.0080780708329522 -3.70618009564172e-05
60118.53690542664 3.285 0.41500000000000004 1.008406024038946 0.00033817586589145865 1.0 1.0080777153504183 1.0080777153504183 0.0003283086885277342
60118.53712488073 3.285 0.41500000000000004 1.008179722950217 0.0003381167014812325 1.0 1.0080773598678612 1.0080773598678612 0.00010236308235578306
60118.5373443348 3.285 0.41500000000000004 1.0077625750811916 0.00033829904990437937 1.0 1.0080770043853273 1.0080770043853273 -0.00031442930413572157
60118.53756378888 3.285 0.41500000000000004 1.0083038313019719 0.0003382157451571777 1.0 1.0080766489027817 1.0080766489027817 0.00022718239919017336
60118.53778324296 3.285 0.41500000000000004 1.0077355701928499 0.0003381987939222633 1.0 1.008076293420236 1.008076293420236 -0.0003407232273862082
60118.53800269703 3.285 0.41500000000000004 1.0085194804760227 0.0003382193367977974 1.0 1.0080759379377024 1.0080759379377024 0.0004435425383202407
60118.53822215112 3.285 0.41500000000000004 1.0081947559866644 0.00033822386326507516 1.0 1.008075582455145 1.008075582455145 0.0001191735315193565
60118.53844160519 3.285 0.41500000000000004 1.0077465391398925 0.0003380748770811494 1.0 1.0080752269726112 1.0080752269726112 -0.000328687832718666
60118.53866105927 3.285 0.41500000000000004 1.0078401908400116 0.00033812923712997966 1.0 1.0080748714900656 1.0080748714900656 -0.00023468065005394223
60118.53888051335 3.285 0.41500000000000004 1.007859532606286 0.0003382909906732878 1.0 1.0080745160075202 1.0080745160075202 -0.00021498340123415893
60118.53909996743 3.285 0.41500000000000004 1.0081266996559821 0.0003381978113970266 1.0 1.0080741605249746 1.0080741605249746 5.253913100755625e-05
