LC/1185/5o9/results/S5_wasp-107b_ap5_bg11_Table_Save_white.txt
# %ECSV 1.0
# ---
# datatype:
# - {name: time, datatype: float64}
# - {name: wavelength, datatype: float64}
# - {name: bin_width, datatype: float64}
# - {name: lcdata, datatype: float64}
# - {name: lcerr, datatype: float64}
# - {name: transit, datatype: float64}
# - {name: polynom, datatype: float64}
# - {name: model, datatype: float64}
# - {name: residuals, datatype: float64}
# schema: astropy-2.0
time wavelength bin_width lcdata lcerr transit polynom model residuals
[from data line 122]
60129.81956592028 4.5 0.5 1.0073557158711197 0.00029731917606045825 1.0 1.007652920831729 1.007652920831729 -0.0002972049606093652
60129.82004930226 4.5 0.5 1.007710219797186 0.00029728372375156364 1.0 1.0076526173175528 1.0076526173175528 5.7602479633045434e-05
60129.82053268425 4.5 0.5 1.007278885404919 0.00029720254635488954 1.0 1.0076523138033675 1.0076523138033675 -0.0003734283984484499
60129.821016066235 4.5 0.5 1.0074393516314595 0.00029724395506200907 1.0 1.0076520102891866 1.0076520102891866 -0.00021265865772712722
60129.82149944822 4.5 0.5 1.0077457461816814 0.00029743236610637084 1.0 1.007651706775006 1.007651706775006 9.40394066755168e-05
60129.8219828302 4.5 0.5 1.0077518733140043 0.00029721492958174406 1.0 1.007651403260825 1.007651403260825 0.00010047005317925795
60129.82246621219 4.5 0.5 1.0072800115442089 0.0002972800297883806 1.0 1.0076510997466441 1.0076510997466441 -0.00037108820243525464
60129.82294959417 4.5 0.5 1.0077553160366624 0.0002972385972737378 1.0 1.0076507962324635 1.0076507962324635 0.00010451980419889928
60129.82343297616 4.5 0.5 1.0083027986188025 0.00029725887763960417 1.0 1.0076504927182781 1.0076504927182781 0.0006523059005243415
60129.82391635814 4.5 0.5 1.0073472068853548 0.0002972613791039281 1.0 1.0076501892041019 1.0076501892041019 -0.00030298231874703596
60129.82439974012 4.5 0.5 1.0077864942193655 0.0002973613162700231 1.0 1.007649885689921 1.007649885689921 0.00013660852944452628
60129.82488312211 4.5 0.5 1.0074494967260372 0.00029722067054378175 1.0 1.0076495821757356 1.0076495821757356 -0.00020008544969840614
60129.8253665041 4.5 0.5 1.0070872685506262 0.0002971901962029288 1.0 1.0076492786615547 1.0076492786615547 -0.0005620101109284903
60129.825849886074 4.5 0.5 1.0076555472436226 0.00029726479079522666 1.0 1.0076489751473785 1.0076489751473785 6.5720962441062625e-06
60129.826333268065 4.5 0.5 1.0077912963228928 0.0002972940230109641 1.0 1.0076486716331932 1.0076486716331932 0.00014262468969961084
60129.82681665005 4.5 0.5 1.0076088459592825 0.00029728781649719107 1.0 1.0076483681190123 1.0076483681190123 -3.9522159729799e-05
60129.82730003203 4.5 0.5 1.0077190414132076 0.00029725390551915904 1.0 1.0076480646048316 1.0076480646048316 7.097680837597764e-05
60129.82778341402 4.5 0.5 1.0072051140712497 0.00029721100309833504 1.0 1.0076477610906507 1.0076477610906507 -0.00044264701940099904
60129.828266795994 4.5 0.5 1.0071677079414634 0.0002972008510854257 1.0 1.0076474575764744 1.0076474575764744 -0.00047974963501107304
60129.828750177985 4.5 0.5 1.0072815722551307 0.0002972676386550425 1.0 1.007647154062289 1.007647154062289 -0.0003655818071583994
60129.82923355997 4.5 0.5 1.0079646749411393 0.00029725308434631073 1.0 1.0076468505481082 1.0076468505481082 0.00031782439303107424
60129.829716941946 4.5 0.5 1.0080071684602019 0.00029727065616758243 1.0 1.007646547033932 1.007646547033932 0.00036062142626991367
60129.83020032394 4.5 0.5 1.007199361519811 0.0002972129543314587 1.0 1.0076462435197466 1.0076462435197466 -0.0004468819999356999
60129.83068370592 4.5 0.5 1.007438760166325 0.0002973180720730494 1.0 1.0076459400055657 1.0076459400055657 -0.00020717983924067873
60129.831167087905 4.5 0.5 1.0078899677445265 0.0002973328869347419 1.0 1.007645636491385 1.007645636491385 0.0002443312531414943
60129.83165046989 4.5 0.5 1.0080280275433278 0.0002973116994764687 1.0 1.0076453329772042 1.0076453329772042 0.0003826945661236092
60129.83213385187 4.5 0.5 1.0074337831582059 0.00029723862434276685 1.0 1.0076450294630235 1.0076450294630235 -0.00021124630481761386
60129.83261723386 4.5 0.5 1.0074408809472675 0.0002972208872683265 1.0 1.0076447259488426 1.0076447259488426 -0.0002038450015751092
60129.83310061585 4.5 0.5 1.0078664231445322 0.0002973768650561931 1.0 1.0076444224346572 1.0076444224346572 0.0002220007098749921
60129.833583997824 4.5 0.5 1.0070933723870377 0.00029722031562865505 1.0 1.007644118920481 1.007644118920481 -0.0005507465334433359
60129.83406737981 4.5 0.5 1.007226254246596 0.00029722353165018454 1.0 1.0076438154063 1.0076438154063 -0.00041756115970414953
60129.8345507618 4.5 0.5 1.0070734976357834 0.0002972754813357179 0.9999872003594193 1.0076435118921148 1.007630614417329 -0.0005571167815456857
60129.83503414378 4.5 0.5 1.0074963974511897 0.0002972265309459203 0.999789261368181 1.0076432083779339 1.0074308590268386 6.553842435108592e-05
60129.83551752576 4.5 0.5 1.0070378697148714 0.00029721107106421476 0.999469155543841 1.0076429048637576 1.0071080032139228 -7.013349905138355e-05
60129.83600090775 4.5 0.5 1.006715804384428 0.00029708548917050173 0.9990634783252363 1.0076426013495723 1.0066989222129932 1.6882171434806637e-05
60129.836484289735 4.5 0.5 1.0066180771923454 0.0002971656673263046 0.9985889259439179 1.0076422978353916 1.0062204399311052 0.0003976372612402024
60129.83696767172 4.5 0.5 1.0058972733214595 0.0002970179512296613 0.9980562284252792 1.0076419943212107 1.005683368455154 0.0002139048663054588
60129.8374510537 4.5 0.5 1.005214569043696 0.00029695642776020385 0.9974733058435777 1.0076416908070298 1.0050956884351003 0.00011888060859566174
60129.83793443569 4.5 0.5 1.0043877727115469 0.00029681541771918647 0.9968464918568136 1.0076413872928491 1.0044637819726094 -7.600926106254846e-05
60129.83841781767 4.5 0.5 1.0042510537170055 0.0002968321713519902 0.9961811297934351 1.0076410837786682 1.0037930332649152 0.00045802045209031306
60129.83890119966 4.5 0.5 1.0034232852117253 0.00029666847341371495 0.9954819062634752 1.007640780264483 1.003088164766503 0.0003351204452222145
60129.83938458163 4.5 0.5 1.0019804315516456 0.0002964741437647098 0.9947530571064452 1.007640476750311 1.0023534447115678 -0.00037301315992221973
60129.83986796362 4.5 0.5 1.001231726105604 0.00029634944634996014 0.9939985043573937 1.0076401732361258 1.001592825127134 -0.00036109902152992035
60129.84035134561 4.5 0.5 1.0009734496216278 0.0002962843221362422 0.9932219539617172 1.007639869721945 1.0008100402949605 0.00016340932666736308
60129.84083472759 4.5 0.5 1.0000594266834562 0.0002961550374818695 0.9924269692502636 1.0076395662077642 1.0000086807882218 5.07458952343498e-05
60129.841318109575 4.5 0.5 0.9992193673163922 0.00029595659597654025 0.9916170300586286 1.0076392626935833 0.9991922530426773 2.7114273714823334e-05
60129.84180149156 4.5 0.5 0.998421822420546 0.00029585086474355314 0.990795583074851 1.0076389591794026 0.9983642300890923 5.7592331453748535e-05
60129.84228487354 4.5 0.5 0.9980432702056309 0.0002958671287917438 0.9899660876125624 1.0076386556652217 0.9975280976760815 0.000515172529549357
60129.842768255534 4.5 0.5 0.9967891429799595 0.00029571191986077364 0.9891320599973206 1.0076383521510364 0.9966873989954601 0.0001017439844993584
60129.84325163752 4.5 0.5 0.9956355188971453 0.00029549697561159245 0.9882971195328204 1.0076380486368555 0.9958457809994763 -0.00021026210233099363
60129.843735019494 4.5 0.5 0.9952096781304536 0.00029546324198229156 0.9874650389076208 1.0076377451226792 0.9950070451923537 0.00020263293809985594
60129.844218401486 4.5 0.5 0.9946358370450868 0.0002953589542869999 0.9866398028853027 1.007637441608494 0.9941752067684552 0.00046063027663167944
60129.84470178347 4.5 0.5 0.9931837310987004 0.0002951539776914843 0.9858256803547853 1.0076371380943132 0.9933545672125751 -0.000170836113874695
60129.84518516545 4.5 0.5 0.9924647543394598 0.00029508036408767074 0.9850273168176743 1.0076368345801323 0.9925498074931225 -8.505315366269528e-05
60129.84566854744 4.5 0.5 0.9916408106186337 0.00029495878242333294 0.9842498596401643 1.0076365310659514 0.9917661142699647 -0.00012530365133101018
60129.84615192942 4.5 0.5 0.9912030378327241 0.0002948746756349665 0.9834991362191986 1.0076362275517707 0.9910093594203384 0.0001936784123857116
60129.846635311405 4.5 0.5 0.9902703045407232 0.0002947297680100381 0.9827819228822426 1.0076359240375898 0.9902863709908879 -1.606645016472008e-05
60129.8471186934 4.5 0.5 0.989061652331886 0.0002945886610034384 0.9821063808802437 1.0076356205234045 0.9896053725182594 -0.0005437201863733865
60129.84760207537 4.5 0.5 0.9888245796805252 0.0002944802698615034 0.9814828338316127 1.0076353170092283 0.9889767664070328 -0.00015218672650763043
60129.84808545736 4.5 0.5 0.9886137335384987 0.0002944807942188329 0.980925358855656 1.0076350134950474 0.9884147372081531 0.00019899633034559105
60129.84856883935 4.5 0.5 0.9884755627168582 0.00029441550677556435 0.9804558915114366 1.007634709980862 0.987941387892154 0.0005341748247041922
60129.84905222133 4.5 0.5 0.987441044043825 0.00029433442928713486 0.9801228519015375 1.0076344064666813 0.9876055081402367 -0.00016446409641168724
60129.84953560331 4.5 0.5 0.9872721510554721 0.0002942584603121539 0.9800058085450197 1.0076341029525049 0.9874872737815052 -0.00021512272603319005
60129.85001898529 4.5 0.5 0.9875482592977036 0.00029432320334064877 0.9799109578615144 1.0076337994383242 0.9873914015812454 0.00015685771645823632
60129.85050236728 4.5 0.5 0.9870063207521388 0.00029425136960448486 0.9798246461221575 1.0076334959241433 0.9873041335647061 -0.00029781281256735515
60129.85098574927 4.5 0.5 0.9872039692596344 0.0002942338389983752 0.9797451353861224 1.007633192409958 0.987223718517245 -1.9749257610612858e-05
60129.851469131245 4.5 0.5 0.9869639935060365 0.00029422924227984627 0.9796713266090421 1.0076328888957817 0.987149048999432 -0.00018505549339553617
60129.85195251323 4.5 0.5 0.987166094044171 0.0002942977486600566 0.979602438022432 1.0076325853816008 0.9870793372706625 8.675677350844513e-05
60129.85243589522 4.5 0.5 0.986665594631959 0.0002941916467922399 0.9795378761166358 1.0076322818674155 0.9870139852869675 -0.0003483906550084681
60129.852919277204 4.5 0.5 0.9869167992708702 0.0002942039609853016 0.9794771708840844 1.0076319783532348 0.9869525194497594 -3.5720178889198095e-05
60129.85340265919 4.5 0.5 0.9870084053545032 0.0002942894948000068 0.9794199388700922 1.007631674839054 0.9868945533744348 0.00011385198006841346
60129.85388604117 4.5 0.5 0.9870316191263183 0.0002942244660004905 0.9793658602117279 1.007631371324873 0.9868397647539072 0.00019185437241109327
60129.854369423156 4.5 0.5 0.9870304465526882 0.00029424239810633664 0.9793146634468293 1.0076310678106923 0.9867878800515973 0.00024256650109089062
60129.85485280514 4.5 0.5 0.9864331853089173 0.0002942344775180079 0.9792661149807368 1.0076307642965114 0.9867386638877153 -0.00030547857879792417
60129.85533618713 4.5 0.5 0.9869586086154255 0.0002942510448033476 0.9792200115049795 1.007630460782326 0.9866919114000372 0.0002666972153883007
60129.85581956911 4.5 0.5 0.9865866306798313 0.0002941804157855928 0.9791761743790345 1.0076301572681499 0.9866474425827718 -6.08119029404941e-05
60129.85630295109 4.5 0.5 0.9864178704050477 0.00029417590098955096 0.9791344453506714 1.007629853753969 0.9866050979741705 -0.00018722756912281646
60129.85678633308 4.5 0.5 0.9866776647211942 0.00029411831932918387 0.9790946832467488 1.0076295502397836 0.9865647353220849 0.00011292939910934052
60129.85726971507 4.5 0.5 0.9861025253307842 0.00029409642539820124 0.9790567613543684 1.007629246725603 0.9865262269451106 -0.0004237016143263661
60129.85775309704 4.5 0.5 0.9869828018308751 0.0002942694034688977 0.979020565320169 1.0076289432114267 0.9864894576158154 0.0004933442150596434
60129.858236479035 4.5 0.5 0.9864797722444879 0.0002942493194179463 0.9789859914460706 1.0076286396972411 0.986454322843459 2.5449401028887486e-05
60129.85871986102 4.5 0.5 0.9860146674566548 0.0002940796848080811 0.9789529452942413 1.0076283361830605 0.986420727468343 -0.00040606001168819184
60129.859203243 4.5 0.5 0.9867232981222731 0.0002942603362891183 0.9789213405202569 1.0076280326688796 0.9863885844860089 0.00033471363626425
60129.85968662499 4.5 0.5 0.9863279516956115 0.00029418131527253726 0.97889109790272 1.0076277291546942 0.9863578140694632 -2.986237385171897e-05
60129.86017000697 4.5 0.5 0.9864980872664452 0.00029424061753408233 0.9788621445239023 1.007627425640518 0.9863283427435764 0.0001697445228687755
60129.860653388954 4.5 0.5 0.9860709008109035 0.00029409737638854934 0.9788344130670612 1.007627122126337 0.9863001026769852 -0.00022920186608166304
60129.86113677094 4.5 0.5 0.9854943711306846 0.0002940297538693192 0.9788078412231224 1.0076268186121564 0.9862730310842875 -0.0007786599536029337
60129.86162015292 4.5 0.5 0.9860707879289964 0.0002940834659957806 0.9787823711735607 1.0076265150979755 0.9862470697049481 -0.00017628177595174765
60129.862103534906 4.5 0.5 0.9862758435606341 0.0002941562219240866 0.978757949144842 1.0076262115837946 0.9862221643543415 5.3679206292622794e-05
60129.86258691689 4.5 0.5 0.9855727008847092 0.0002940369797623437 0.9787345250200903 1.007625908069614 0.9861982645324507 -0.0006255636477415782
60129.863070298874 4.5 0.5 0.9862869366863011 0.0002940749763013984 0.9787120519993535 1.007625604555433 0.986175323081537 0.00011161360476408255
60129.863553680865 4.5 0.5 0.9859720891303011 0.0002941497858360935 0.9786904863007452 1.0076253010412477 0.9861532958849935 -0.00018120675469235348
60129.86403706285 4.5 0.5 0.986059555858252 0.0002941001390357533 0.9786697868983015 1.0076249975270668 0.986132141603216 -7.258574496404879e-05
60129.864520444826 4.5 0.5 0.9859118873071376 0.00029415725139764985 0.9786499152869937 1.0076246940128906 0.9861118214367983 -0.0001999341296606838
60129.86500382682 4.5 0.5 0.9859585413406345 0.00029408638908946815 0.9786308352751459 1.0076243904987052 0.9860922989173577 -0.00013375757672318134
60129.8654872088 4.5 0.5 0.98544306391505 0.0002940143622893196 0.9786125128020178 1.0076240869845245 0.9860735397237645 -0.000630475808714559
60129.865970590785 4.5 0.5 0.9862327093989358 0.00029417853165640946 0.9785949157693234 1.0076237834703436 0.986055511512328 0.0001771978866078605
60129.86645397277 4.5 0.5 0.9861631161462495 0.0002941145314957529 0.9785780138941251 1.0076234799561627 0.9860381837685885 0.0001249323776609801
60129.86693735475 4.5 0.5 0.9859152834523512 0.0002940235277903468 0.9785617785748321 1.007623176441982 0.9860215276722878 -0.00010624421993654654
60129.86742073674 4.5 0.5 0.9862546522463426 0.000294148685830659 0.9785461827705517 1.0076228729278012 0.9860055159757966 0.00024913627054601317
60129.86790411873 4.5 0.5 0.9860296378601421 0.00029404195428445364 0.9785312008917348 1.0076225694136158 0.985990122893921 3.9514966221121384e-05
60129.86838750071 4.5 0.5 0.9860995583138608 0.0002941501496349934 0.9785168087021145 1.007622265899435 0.9859753240051086 0.00012423430875219132
60129.86887088269 4.5 0.5 0.9860132543243614 0.00029417284909883306 0.9785029832276414 1.0076219623852587 0.9859610961596659 5.215816469550383e-05
60129.86935426468 4.5 0.5 0.9860589608930466 0.0002941437206662593 0.9784897026744913 1.0076216588710734 0.9859474173971343 0.00011154349591224744
60129.869837646664 4.5 0.5 0.9861589964845497 0.00029408075870330765 0.9784769463561677 1.0076213553568927 0.9859342668728752 0.00022472961167452343
60129.87032102865 4.5 0.5 0.9857584812579963 0.000294140192909674 0.9784646946231663 1.0076210518427118 0.9859216247871526 -0.0001631435291563621
60129.87080441063 4.5 0.5 0.9860767365960051 0.0002940800692272476 0.9784529288014548 1.0076207483285309 0.9859094723231647 0.00016726427284041723
60129.871287792615 4.5 0.5 0.9857024999683417 0.00029410147776711 0.9784416311349021 1.0076204448143502 0.9858977915890285 -0.0001952916206867661
60129.8717711746 4.5 0.5 0.9856771252969583 0.00029408556600350364 0.9784307847325707 1.0076201413001693 0.9858865655646685 -0.00020944026771019253
60129.87225455658 4.5 0.5 0.9859061943000308 0.00029405754948638155 0.9784203735202223 1.0076198377859884 0.9858757780529526 3.0416247078224323e-05
60129.87273793857 4.5 0.5 0.9861201662456642 0.0002941349037465551 0.978410382195633 1.0076195342718077 0.9858654136346652 0.0002547526109990539
