LC/1185/5o9/results/S5_wasp-107b_ap5_bg11_Table_Save_white.txt
# %ECSV 1.0
# ---
# datatype:
# - {name: time, datatype: float64}
# - {name: wavelength, datatype: float64}
# - {name: bin_width, datatype: float64}
# - {name: lcdata, datatype: float64}
# - {name: lcerr, datatype: float64}
# - {name: transit, datatype: float64}
# - {name: polynom, datatype: float64}
# - {name: model, datatype: float64}
# - {name: residuals, datatype: float64}
# schema: astropy-2.0
time wavelength bin_width lcdata lcerr transit polynom model residuals
[from data line 344]
60129.926876720856 4.5 0.5 0.9867964439955532 0.00029420674911674496 0.9790812810023122 1.007585540683502 0.9865081418918104 0.0002883021037428657
60129.92736010285 4.5 0.5 0.9868187236505725 0.0002941900377747505 0.9791203888745128 1.0075852371693164 0.9865472492414392 0.0002714744091333321
60129.927843484824 4.5 0.5 0.9863128217034336 0.0002941985716441498 0.9791614180409488 1.0075849336551401 0.9865882924344623 -0.0002754707310287374
60129.92832686681 4.5 0.5 0.9867760107891662 0.0002942849978564769 0.9792045043764472 1.0075846301409594 0.9866314083745041 0.00014460241466207613
60129.9288102488 4.5 0.5 0.9869019810883721 0.00029422954656348253 0.9792497998512069 1.007584326626774 0.9866767501824816 0.00022523090589054995
60129.92929363078 4.5 0.5 0.9869595905981832 0.0002942429961162718 0.9792974755791022 1.0075840231125932 0.9867244902679982 0.00023510033018492305
60129.92977701277 4.5 0.5 0.9865397160283809 0.0002942290522400305 0.9793477257244432 1.0075837195984123 0.9867748242656802 -0.00023510823729933072
60129.93026039476 4.5 0.5 0.9863558132473267 0.00029414096036666925 0.9794007725966632 1.007583416084227 0.9868279761684771 -0.0004721629211503764
60129.930743776735 4.5 0.5 0.986961041429296 0.0002942522602852163 0.9794568734571806 1.0075831125700507 0.9868842051861163 7.683624317966764e-05
60129.93122715872 4.5 0.5 "" "" 0.9795163298857067 1.00758280905587 0.9869438151823366 ""
60129.93171054071 4.5 0.5 0.986811516428362 0.00029422712454920953 0.9795795010819983 1.0075825055416845 0.9870071680774731 -0.0001956516491111726
60129.932193922694 4.5 0.5 0.9871873391842896 0.0002943486828637793 0.9796468236317633 1.0075822020275038 0.9870747037641416 0.00011263542014794403
60129.93267730468 4.5 0.5 0.9869949828327784 0.00029411480243383395 0.979718842563454 1.007581898513323 0.9871469713993603 -0.0001519885665818288
60129.93316068667 4.5 0.5 0.9873347825621722 0.0002943016994311725 0.9797962639859398 1.0075815949991376 0.9872246824411492 0.00011010012102297129
60129.93364406865 4.5 0.5 0.9872617793463404 0.0002942794434112397 0.9798800547104541 1.0075812914849567 0.9873088110255094 -4.7031679168973994e-05
60129.93412745063 4.5 0.5 0.9872412082794182 0.00029430941582038055 0.9799716678918285 1.0075809879707804 0.9874008213178221 -0.00015961303840394958
60129.93461083262 4.5 0.5 0.9880365921168341 0.00029442461733644336 0.9800738029507446 1.007580684456595 0.9875034331950894 0.0005331589217447696
60129.935094214605 4.5 0.5 0.9878939129444072 0.0002943783542043532 0.9803200047036762 1.0075803809424144 0.9877512037847995 0.00014270915960767905
60129.93557759659 4.5 0.5 0.988168097957533 0.00029446244807570447 0.9807504390174502 1.0075800774282335 0.9881846032829765 -1.650532544350547e-05
60129.93606097858 4.5 0.5 0.9889812389555981 0.00029455460837054593 0.9812804105847555 1.0075797739140482 0.9887182942432723 0.00026294471232579664
60129.936544360564 4.5 0.5 0.9893492635859145 0.0002946049869224986 0.981882827291902 1.0075794703998673 0.989324979117499 2.4284468415514127e-05
60129.93702774254 4.5 0.5 0.9901319882360504 0.00029481322164817973 0.9825415878081808 1.007579166885691 0.9899884344743108 0.0001435537617395788
60129.937511124524 4.5 0.5 0.9909646578594593 0.00029482703714679535 0.9832453114427223 1.0075788633715101 0.9906971933188247 0.0002674645406346432
60129.93799450651 4.5 0.5 0.9916709668179583 0.0002949979380179659 0.9839851989288751 1.0075785598573295 0.9914423896576838 0.00022857716027446795
60129.9384778885 4.5 0.5 0.9924454483636068 0.0002949765014034538 0.9847540535500459 1.0075782563431441 0.9922167722027984 0.00022867616080846087
60129.93896127048 4.5 0.5 0.9927691607775541 0.0002951170158693406 0.985545754433191 1.0075779528289632 0.9930141736710707 -0.00024501289351663846
60129.93944465247 4.5 0.5 0.993828295166523 0.0002952538972242846 0.9863549413232047 1.0075776493147823 0.9938291931684546 -8.98001931592951e-07
60129.93992803445 4.5 0.5 0.9948174196651212 0.0002953690180150541 0.9871768103835604 1.0075773458006017 0.9946569904421716 0.0001604292229495652
60129.940411416435 4.5 0.5 0.9958230107771043 0.0002955803910735735 0.9880069735149462 1.0075770422864208 0.9954931441325475 0.0003298666445568088
60129.94089479842 4.5 0.5 0.9964499688068509 0.0002956051219232578 0.988841356073368 1.00757673877224 0.9963335487155235 0.00011642009132739606
60129.94137818041 4.5 0.5 0.9970229987129302 0.00029571700645453176 0.9896761187643245 1.0075764352580545 0.997174335804585 -0.000151337091654824
60129.941861562394 4.5 0.5 0.9981171901918273 0.0002958582769591161 0.9905075949454263 1.0075761317438738 0.9980118109780405 0.00010537921378683812
60129.94234494438 4.5 0.5 0.9986876647372773 0.00029600400303389984 0.9913322378343353 1.007575828229693 0.9988424005867254 -0.00015473584944802887
60129.94282832636 4.5 0.5 0.9997356086056047 0.0002961764385180289 0.9921465733232683 1.0075755247155123 0.9996626042108895 7.300439471524811e-05
60129.943311708346 4.5 0.5 1.000635244613914 0.0002962454669949631 0.9929471553905719 1.0075752212013314 1.0004689497338881 0.00016629488002584125
60129.94379509033 4.5 0.5 1.0015092830879138 0.0002963566482426765 0.9937305211435891 1.0075749176871505 1.0012579480444608 0.00025133504345298263
60129.94427847232 4.5 0.5 1.0016108769860395 0.00029639688534995685 0.9944931424731369 1.0075746141729651 1.0020260443250306 -0.00041516733899116254
60129.944761854305 4.5 0.5 1.002463124238409 0.00029657563791394794 0.9952313705348018 1.0075743106587844 1.0027695621126003 -0.00030643787419126767
60129.94524523629 4.5 0.5 1.0028810773554442 0.00029659187902838943 0.9959413680890814 1.0075740071446035 1.0034846351265942 -0.000603557771150065
60129.94572861828 4.5 0.5 1.0042148022420452 0.00029677094114824475 0.9966190216378548 1.0075737036304182 1.0041671187401773 4.768350186790116e-05
60129.94621200026 4.5 0.5 1.0053455417665567 0.00029691674736815265 0.9972598204654881 1.007573400116242 1.0048124681057249 0.0005330736608317732
60129.94669538224 4.5 0.5 1.005634292209704 0.0002970111942269864 0.9978586794232618 1.007573096602061 1.0054155595977392 0.0002187326119647004
60129.94717876423 4.5 0.5 1.0060460256999735 0.0002970180014483729 0.9984096595383688 1.0075727930878757 1.0059704093069892 7.561639298425682e-05
60129.947662146216 4.5 0.5 1.0064171682214549 0.00029707112056642207 0.9989054872965577 1.0075724895736948 1.0064696886842175 -5.252046276260636e-05
60129.9481455282 4.5 0.5 1.006621701828003 0.0002970965189319176 0.999336620667705 1.0075721860595142 1.006903783495487 -0.0002820816674840021
60129.948628910184 4.5 0.5 "" "" 0.9996890594726323 1.0075718825453333 1.0072585876128137 ""
60129.94911229216 4.5 0.5 1.0079085764316977 0.0002973244735762114 0.9999369273073934 1.007571579031157 1.0075080287786735 0.00040054765302421913
60129.94959567415 4.5 0.5 1.0077382591453565 0.00029724937164369214 1.0 1.0075712755169717 1.0075712755169717 0.0001669836283848536
60129.950079056136 4.5 0.5 1.0073947748857996 0.0002973352145706275 1.0 1.0075709720027908 1.0075709720027908 -0.00017619711699112806
60129.95056243812 4.5 0.5 1.0071279871772991 0.00029723191446234196 1.0 1.00757066848861 1.00757066848861 -0.0004426813113109773
60129.95104582011 4.5 0.5 1.0076699723021327 0.00029730473198023486 1.0 1.0075703649744248 1.0075703649744248 9.960732770797343e-05
60129.951529202095 4.5 0.5 1.0077066400322499 0.00029730573902917665 1.0 1.0075700614602439 1.0075700614602439 0.00013657857200599643
60129.95201258408 4.5 0.5 1.007603577245685 0.00029727090054068416 1.0 1.007569757946063 1.007569757946063 3.38192996220954e-05
60129.95249596606 4.5 0.5 1.0074746650571191 0.00029717554473876923 1.0 1.0075694544318823 1.0075694544318823 -9.478937476314897e-05
60129.95297934805 4.5 0.5 1.0076607738567962 0.00029732168173665494 1.0 1.0075691509177014 1.0075691509177014 9.162293909481534e-05
60129.95346273003 4.5 0.5 1.007901154750369 0.00029734187010879655 1.0 1.0075688474035205 1.0075688474035205 0.000332307346848415
60129.95394611202 4.5 0.5 1.0077957036106546 0.0002972919036139228 1.0 1.0075685438893351 1.0075685438893351 0.00022715972131948092
60129.954429494006 4.5 0.5 1.007893163286911 0.00029731059967692293 1.0 1.0075682403751545 1.0075682403751545 0.0003249229117565644
60129.95491287599 4.5 0.5 1.0078293668195184 0.0002973555263276925 1.0 1.0075679368609736 1.0075679368609736 0.0002614299585448343
60129.95539625798 4.5 0.5 1.0076771251119465 0.00029723584178611203 1.0 1.0075676333467882 1.0075676333467882 0.00010949176515828718
60129.95587963996 4.5 0.5 1.0076884677059736 0.00029722260952179906 1.0 1.007567329832612 1.007567329832612 0.00012113787336165416
60129.95636302194 4.5 0.5 1.0072558068757231 0.0002972461648651409 1.0 1.007567026318431 1.007567026318431 -0.0003112194427079551
60129.95684640393 4.5 0.5 1.00722661853757 0.0002971709464584538 1.0 1.0075667228042458 1.0075667228042458 -0.0003401042666757448
60129.95732978592 4.5 0.5 1.007913572694194 0.0002973431504960422 1.0 1.0075664192900649 1.0075664192900649 0.0003471534041290525
60129.9578131679 4.5 0.5 1.0074646007660564 0.0002972323581529493 1.0 1.0075661157758842 1.0075661157758842 -0.0001015150098278017
60129.95829654989 4.5 0.5 1.0076543454286577 0.0002972864874512908 1.0 1.0075658122616988 1.0075658122616988 8.85331669588929e-05
60129.958779931876 4.5 0.5 1.007780582307825 0.000297288651921217 1.0 1.007565508747518 1.007565508747518 0.00021507356030703306
60129.95926331385 4.5 0.5 1.007425407435998 0.0002972346338253249 1.0 1.0075652052333417 1.0075652052333417 -0.00013979779734363262
60129.95974669584 4.5 0.5 1.0078152910583638 0.0002972825092054918 1.0 1.0075649017191608 1.0075649017191608 0.000250389339202961
60129.96023007782 4.5 0.5 1.0073799021789347 0.0002972315493524128 1.0 1.0075645982049801 1.0075645982049801 -0.00018469602604542779
60129.96071345981 4.5 0.5 1.0078326056444349 0.000297338448323725 1.0 1.0075642946907948 1.0075642946907948 0.00026831095364010515
60129.961196841796 4.5 0.5 1.0072018278995862 0.0002972138291723161 1.0 1.0075639911766139 1.0075639911766139 -0.0003621632770276495
60129.96168022378 4.5 0.5 1.0075633896334393 0.000297323226389575 1.0 1.007563687662433 1.007563687662433 -2.980289937060121e-07
60129.96216360577 4.5 0.5 1.007335037817488 0.00029722303955213343 1.0 1.0075633841482476 1.0075633841482476 -0.0002283463307597433
60129.962646987755 4.5 0.5 1.007327829434471 0.00029728496262443777 1.0 1.007563080634067 1.007563080634067 -0.00023525119959599827
60129.96313036973 4.5 0.5 1.0077861841278155 0.0002972811283101816 1.0 1.0075627771198907 1.0075627771198907 0.00022340700792478074
60129.96361375172 4.5 0.5 1.0066488340680024 0.00029718542296458685 1.0 1.0075624736057052 1.0075624736057052 -0.0009136395377027373
60129.96409713371 4.5 0.5 1.0074094455323195 0.0002971983152685562 1.0 1.0075621700915245 1.0075621700915245 -0.0001527245592050086
60129.96458051569 4.5 0.5 1.0075313532515 0.0002973014144181516 1.0 1.0075618665773436 1.0075618665773436 -3.0513325843584127e-05
60129.96506389768 4.5 0.5 1.0073535308206425 0.00029721354940961383 1.0 1.0075615630631582 1.0075615630631582 -0.00020803224251575436
60129.965547279666 4.5 0.5 1.006974015037493 0.0002972782309241486 1.0 1.0075612595489774 1.0075612595489774 -0.0005872445114842861
60129.96603066165 4.5 0.5 1.0075769440725857 0.00029725592929490054 1.0 1.0075609560347967 1.0075609560347967 1.5988037789016474e-05
60129.966514043634 4.5 0.5 1.0076845359315012 0.0002971936774649235 1.0 1.0075606525206158 1.0075606525206158 0.0001238834108854281
60129.96699742562 4.5 0.5 1.0073435388634604 0.0002972116632783945 1.0 1.007560349006435 1.007560349006435 -0.00021681014297469936
60129.9674808076 4.5 0.5 1.008001900481568 0.00029727481435867504 1.0 1.0075600454922542 1.0075600454922542 0.0004418549893137058
60129.96796418959 4.5 0.5 1.0073522323380737 0.0002972819857566205 1.0 1.0075597419780689 1.0075597419780689 -0.0002075096399951626
60129.96844757158 4.5 0.5 "" "" 1.0 1.007559438463888 1.007559438463888 ""
60129.96893095356 4.5 0.5 1.007623838358932 0.0002973666249904886 1.0 1.0075591349497073 1.0075591349497073 6.470340922470896e-05
60129.96941433555 4.5 0.5 1.0076562503109634 0.0002973023889056224 1.0 1.0075588314355217 1.0075588314355217 9.741887544167938e-05
60129.96989771753 4.5 0.5 1.0076345951685806 0.00029732647619921135 1.0 1.0075585279213455 1.0075585279213455 7.606724723507874e-05
60129.97038109951 4.5 0.5 1.0079908851301986 0.00029738159367583933 1.0 1.0075582244071648 1.0075582244071648 0.00043266072303382863
60129.9708644815 4.5 0.5 1.0076122841048611 0.00029723928668586274 1.0 1.007557920892984 1.007557920892984 5.436321187723969e-05
60129.97134786348 4.5 0.5 1.0072664665125224 0.00029733785990807563 1.0 1.007557617378803 1.007557617378803 -0.0002911508662806206
60129.97183124547 4.5 0.5 1.0071211038133423 0.0002972066668732999 1.0 1.0075573138646177 1.0075573138646177 -0.0004362100512753653
60129.972314627455 4.5 0.5 1.007800925407152 0.00029734782487962207 1.0 1.007557010350437 1.007557010350437 0.00024391505671506053
60129.97279800944 4.5 0.5 1.0078647974970638 0.00029733198893691724 1.0 1.007556706836256 1.007556706836256 0.00030809066080772496
60129.97328139143 4.5 0.5 1.0074501246573087 0.00029725575431722865 1.0 1.0075564033220707 1.0075564033220707 -0.00010627866476209391
60129.973764773415 4.5 0.5 1.0068594290167339 0.0002970915754419503 1.0 1.0075560998078898 1.0075560998078898 -0.0006966707911559844
60129.97424815539 4.5 0.5 1.0070313736464032 0.00029717712847249 1.0 1.0075557962937136 1.0075557962937136 -0.0005244226473104519
60129.97473153738 4.5 0.5 1.0075115144214308 0.0002972885703254563 1.0 1.0075554927795283 1.0075554927795283 -4.397835809744066e-05
60129.97521491937 4.5 0.5 1.0073346595460584 0.0002972815744730293 1.0 1.0075551892653474 1.0075551892653474 -0.00022052971928898657
60129.97569830135 4.5 0.5 1.007676368714214 0.00029727549774526417 1.0 1.0075548857511667 1.0075548857511667 0.00012148296304737016
60129.97618168334 4.5 0.5 1.0075765030245736 0.00029731900442381504 1.0 1.0075545822369814 1.0075545822369814 2.192078759222227e-05
60129.976665065326 4.5 0.5 1.007240926151299 0.000297234855189307 1.0 1.0075542787228005 1.0075542787228005 -0.00031335257150155726
60129.97714844731 4.5 0.5 1.007695409933787 0.0002972904846288269 1.0 1.0075539752086196 1.0075539752086196 0.00014143472516736644
60129.9776318293 4.5 0.5 1.0074414056464813 0.0002971798639741821 1.0 1.0075536716944342 1.0075536716944342 -0.00011226604795289141
60129.97811521128 4.5 0.5 1.0072309262427013 0.00029718927629141537 1.0 1.007553368180258 1.007553368180258 -0.0003224419375567056
60129.97859859326 4.5 0.5 1.0076087422026605 0.00029729003959505436 1.0 1.0075530646660773 1.0075530646660773 5.567753658319852e-05
60129.97908197525 4.5 0.5 1.0076968278481806 0.0002972959654335852 1.0 1.0075527611518917 1.0075527611518917 0.00014406669628885815
60129.97956535724 4.5 0.5 1.0078407315529896 0.0002972766873687339 1.0 1.007552457637711 1.007552457637711 0.0002882739152785252
60129.98004873922 4.5 0.5 1.0078050104463825 0.0002973223800838531 1.0 1.0075521541235302 1.0075521541235302 0.00025285632285232396
60129.98053212121 4.5 0.5 1.0079535645997821 0.00029730340808428914 1.0 1.0075518506093448 1.0075518506093448 0.0004017139904373135
60129.98101550319 4.5 0.5 1.0073846821496766 0.00029726934623304784 1.0 1.0075515470951686 1.0075515470951686 -0.0001668649454920068
60129.98149888518 4.5 0.5 1.0072707539109997 0.000297346248377446 1.0 1.0075512435809832 1.0075512435809832 -0.000280489669983508
60129.981982267156 4.5 0.5 1.0077066854300025 0.00029727368694096513 1.0 1.007550940066807 1.007550940066807 0.00015574536319551413
60129.98246564914 4.5 0.5 1.007822779594685 0.00029730702315775666 1.0 1.007550636552626 1.007550636552626 0.0002721430420589144
