LC/1185/5o9/results/S5_wasp-107b_ap5_bg11_Table_Save_white.txt
# %ECSV 1.0
# ---
# datatype:
# - {name: time, datatype: float64}
# - {name: wavelength, datatype: float64}
# - {name: bin_width, datatype: float64}
# - {name: lcdata, datatype: float64}
# - {name: lcerr, datatype: float64}
# - {name: transit, datatype: float64}
# - {name: polynom, datatype: float64}
# - {name: model, datatype: float64}
# - {name: residuals, datatype: float64}
# schema: astropy-2.0
time wavelength bin_width lcdata lcerr transit polynom model residuals
[from data line 234]
60129.873704702535 4.5 0.5 0.9857054444179713 0.0002941277044015267 0.9783916016166831 1.0076189272434461 0.9858458960449994 -0.00014045162702813752
60129.87418808452 4.5 0.5 0.9858782029421286 0.000294139786576787 0.9783827852623274 1.0076186237292653 0.9858367155664316 4.1487375696980244e-05
60129.87467146651 4.5 0.5 0.98596907105173 0.00029413042204233167 0.9783743345277779 1.00761832021508 0.9858279034984262 0.00014116755330384478
60129.87515484849 4.5 0.5 0.9854084178188355 0.0002940375187091399 0.9783662374116507 1.0076180167009037 0.985819447747853 -0.00041102992901753677
60129.87563823047 4.5 0.5 0.9861527116730735 0.0002941380358491522 0.9783584824784128 1.0076177131867228 0.9858113367917307 0.00034137488134278193
60129.87612161246 4.5 0.5 0.9864162930162611 0.00029421101935714166 0.9783510588334825 1.0076174096725374 0.9858035596521779 0.0006127333640831845
60129.876604994446 4.5 0.5 0.9857542082294378 0.00029405380421878826 0.978343956098859 1.0076171061583565 0.9857961058718505 -4.189764241269156e-05
60129.87708837643 4.5 0.5 0.9860064464242511 0.0002941581148948701 0.9783371643900823 1.0076168026441759 0.9857889654907043 0.00021748093354678755
60129.877571758414 4.5 0.5 0.9856574430817718 0.00029399623038035795 0.9783306742957569 1.007616499129995 0.985782129025378 -0.00012468594360615093
60129.8780551404 4.5 0.5 0.9856735372281464 0.000294048629158157 0.9783244768579541 1.0076161956158143 0.9857755874494435 -0.00010205022129705643
60129.87853852238 4.5 0.5 0.985651809328488 0.000294040383263694 0.9783185635540699 1.0076158921016334 0.9857693321751226 -0.00011752284663468782
60129.87902190437 4.5 0.5 0.9851904650164026 0.00029398597618100997 0.9783129262798367 1.007615588587448 0.9857633550361663 -0.0005728900197636833
60129.87950528636 4.5 0.5 0.9858448416235734 0.0002941070223636189 0.9783075573339083 1.0076152850732671 0.9857576482723376 8.719335123585914e-05
60129.879988668334 4.5 0.5 0.98545307785059 0.0002940219437409622 0.9783024494027452 1.007614981559091 0.9857522045141606 -0.00029912666357057027
60129.880472050325 4.5 0.5 0.9860601312711565 0.0002940958652649475 0.9782975955469021 1.0076146780449056 0.985747016769097 0.0003131145020595083
60129.88095543231 4.5 0.5 0.9856565821177875 0.00029406687182781496 0.9782929891889397 1.0076143745307247 0.9857420784094064 -8.549629161891392e-05
60129.88143881429 4.5 0.5 0.9858836513574155 0.00029408320431573615 0.9782886241007981 1.007614071016544 0.9857373831593786 0.00014626819803686963
60129.88192219628 4.5 0.5 0.9858641089485631 0.0002941503549254738 0.9782844943931085 1.007613767502363 0.9857329250845844 0.00013118386397870108
60129.88240557826 4.5 0.5 0.9861287979109685 0.0002940101798576236 0.978280594504823 1.0076134639881824 0.9857286985814231 0.0004000993295454336
60129.882888960245 4.5 0.5 0.9855584805684271 0.000294046534858498 0.9782769191936391 1.0076131604740015 0.9857246983674721 -0.00016621779904502088
60129.88337234223 4.5 0.5 0.9862316603666765 0.0002940946020519393 0.9782734635271031 1.0076128569598206 0.9857209194725233 0.000510740894153261
60129.88385572421 4.5 0.5 0.9855030826665806 0.00029401647291102075 0.9782702228743547 1.00761255344564 0.9857173572302639 -0.00021427456368328102
60129.8843391062 4.5 0.5 0.9857652608951376 0.00029410071765232 0.9782671928984785 1.007612249931459 0.9857140072705686 5.125362456903648e-05
60129.88482248818 4.5 0.5 0.9849934305070741 0.0002939215643600727 0.9782643695494296 1.0076119464172781 0.9857108655123723 -0.0007174350052981948
60129.885305870164 4.5 0.5 0.9853084357948307 0.00029399056669001506 0.9782617490575066 1.0076116429030975 0.9857079281570919 -0.0003994923622611113
60129.885789252156 4.5 0.5 0.9858677021110983 0.0002940743111944845 0.978259327927309 1.0076113393889121 0.9857051916825328 0.000162510428565521
60129.88627263414 4.5 0.5 0.9856785532677851 0.00029403433887304663 0.9782571029323687 1.0076110358747312 0.9857026528374976 -2.4099569712499047e-05
60129.886756016116 4.5 0.5 0.9860483502880921 0.0002940690128736114 0.9782550711099243 1.007610732360555 0.9857003086364976 0.0003480416515945217
60129.88723939811 4.5 0.5 0.9856342489550538 0.00029399074174721833 0.9782532297563398 1.0076104288463696 0.9856981563551317 -6.390740007788942e-05
60129.88772278009 4.5 0.5 0.9859856492773503 0.0002941583569161 0.9782515764232116 1.0076101253321887 0.9856961935262034 0.00028945575114691646
60129.888206162075 4.5 0.5 0.9856073580543525 0.00029404958814355974 0.9782501089133433 1.007609821818008 0.9856944179356208 -8.705988126833653e-05
60129.88868954407 4.5 0.5 0.9857679028291417 0.0002940325368428969 0.9782488252775472 1.0076095183038225 0.9856928276191895 7.507520995220229e-05
60129.88917292604 4.5 0.5 0.9855942730035091 0.0002940979847030122 0.9782477238117513 1.0076092147896463 0.9856914208597175 -9.71478562084016e-05
60129.88965630803 4.5 0.5 0.9853357357133838 0.00029398017730703125 0.9782468030542604 1.0076089112754656 0.9856901961842081 -0.00035446047082421384
60129.89013969002 4.5 0.5 0.9857863325876453 0.0002940369477513193 0.9782460617837042 1.0076086077612803 0.9856891523618335 9.718022581173269e-05
60129.890623072 4.5 0.5 0.9853447703923027 0.0002940873644724362 0.9782454990171388 1.0076083042470994 0.9856882884020167 -0.0003435180097139945
60129.891106453986 4.5 0.5 0.9859535897107506 0.00029409698899602184 0.9782451140084935 1.0076080007329185 0.985687603552844 0.00026598615790662805
60129.89158983597 4.5 0.5 0.9854428999908792 0.000294018269244892 0.9782449062474678 1.0076076972187378 0.9856870972999711 -0.00024419730909186477
60129.892073217954 4.5 0.5 0.9860164041628798 0.0002940840432778719 0.9782448754587272 1.0076073937045569 0.9856867693658069 0.00032963479707293075
60129.89255659994 4.5 0.5 0.985761434954644 0.00029408648717317717 0.9782450216014704 1.0076070901903762 0.9856866197090793 7.481524556463004e-05
60129.89303998193 4.5 0.5 0.9853419331462292 0.00029398327295861046 0.978245344869374 1.0076067866761906 0.9856866485247718 -0.0003447153785426371
60129.893523363906 4.5 0.5 0.9856747739772702 0.0002940686768679526 0.9782458456908637 1.0076064831620144 0.9856868562444218 -1.2082267151547477e-05
60129.89400674589 4.5 0.5 0.9852996064150256 0.0002939384866980643 0.978246524729843 1.0076061796478337 0.9856872435368071 -0.00038763712178158105
60129.894490127874 4.5 0.5 0.985640312646979 0.00029409219950458075 0.9782473828866582 1.0076058761336528 0.9856878113089642 -4.7498661985168056e-05
60129.89497350986 4.5 0.5 0.9858874877366204 0.0002940957430844765 0.9782484212995115 1.0076055726194721 0.9856885607075889 0.0001989270290314593
60129.89545689185 4.5 0.5 0.9860641336626398 0.00029421883050561004 0.9782496413462018 1.0076052691052866 0.9856894931207898 0.00037464054184999096
60129.89594027383 4.5 0.5 0.9851829569246052 0.0002940268028094472 0.9782510446461435 1.007604965591106 0.9856906101801409 -0.0005076532555357005
60129.89642365581 4.5 0.5 0.9858207969324877 0.00029396785195101837 0.9782526330628903 1.0076046620769297 0.9856919137632003 0.00012888316928738597
60129.8969070378 4.5 0.5 0.9858810459346541 0.00029409209911337466 0.9782544087070065 1.0076043585627443 0.9856934059964001 0.00018763993825399172
60129.897390419785 4.5 0.5 0.9856206557903228 0.0002940948068382527 0.9782563739390263 1.0076040550485634 0.9856950892580667 -7.443346774393955e-05
60129.89787380177 4.5 0.5 0.9855375745763973 0.00029406826560621587 0.978258531373296 1.0076037515343825 0.9856969661822484 -0.00015939160585110024
60129.89835718376 4.5 0.5 0.9853011219956862 0.0002939529886498511 0.9782608838818863 1.0076034480201972 0.9856990396626744 -0.0003979176669881568
60129.89884056574 4.5 0.5 0.98652399889062 0.0002941910199810252 0.9782634345988621 1.007603144506021 0.9857013128570736 0.0008226860335464048
60129.89932394772 4.5 0.5 0.98553935566472 0.00029409473208202435 0.978266186925529 1.00760284099184 0.9857037891924175 -0.0001644335276975717
60129.89980732971 4.5 0.5 0.985755342416651 0.00029414548143458414 0.9782691445354531 1.0076025374776547 0.9857064723700171 4.88700466338976e-05
60129.900290711696 4.5 0.5 0.9856866164293523 0.00029404919087571313 0.9782723113802975 1.007602233963474 0.985709366371399 -2.2749942046762506e-05
60129.90077409368 4.5 0.5 0.9859424404797807 0.0002939962700962877 0.9782756916963947 1.0076019304492931 0.9857124754649048 0.00022996501487593246
60129.90125747566 4.5 0.5 0.9855981694720203 0.00029406581507972196 0.9782792900114533 1.0076016269351122 0.9857158042124669 -0.00011763474044657052
60129.90174085765 4.5 0.5 0.9857734670544259 0.00029408000969374505 0.9782831111520458 1.0076013234209316 0.9857193574771477 5.410957727824961e-05
60129.90222423963 4.5 0.5 0.9858043690928254 0.0002941095020732016 0.9782871602516495 1.0076010199067507 0.9857231404312409 8.122866158455366e-05
60129.90270762162 4.5 0.5 0.9854348968272291 0.00029403100529335917 0.9782914427593812 1.0076007163925653 0.9857271585650688 -0.0002922617378396941
60129.90319100361 4.5 0.5 0.9858172217924748 0.00029404277631801253 0.9782959644490714 1.0076004128783844 0.9857314176961416 8.580409633318631e-05
60129.90367438558 4.5 0.5 0.9858995563359341 0.0002940770857773415 0.9783007314296164 1.0076001093642082 0.9857359239795663 0.00016363235636773776
60129.904157767574 4.5 0.5 0.9852019042124386 0.000293979935166879 0.9783057501558828 1.0075998058500228 0.9857406839190285 -0.0005387797065898869
60129.90464114955 4.5 0.5 0.9857370377545611 0.00029405060888275657 0.9783110274395405 1.0075995023358466 0.9857457043777518 -8.666623190656253e-06
60129.90512453154 4.5 0.5 0.9857564440163201 0.00029410406775243555 0.9783165704626456 1.0075991988216613 0.9857509925921171 5.451424203051225e-06
60129.905607913526 4.5 0.5 0.9855043756234845 0.0002940590763138425 0.9783223867898093 1.0075988953074804 0.9857565561839894 -0.000252180560504911
60129.90609129551 4.5 0.5 0.9856883996107438 0.0002941117208061052 0.9783284843834088 1.0075985917932997 0.985762403175996 -7.400356525211205e-05
60129.906574677494 4.5 0.5 0.9862423250116623 0.00029415328621238893 0.9783348716185513 1.0075982882791188 0.9857685420066237 0.00047378300503864157
60129.90705805948 4.5 0.5 0.9853205096475598 0.0002940207626956456 0.9783415572996478 1.0075979847649381 0.9857749815469163 -0.00045447189935654553
60129.90754144146 4.5 0.5 0.9862014643329675 0.00029421980473014485 0.9783485506781148 1.0075976812507572 0.9857817311183074 0.00041973321466015623
60129.90802482345 4.5 0.5 0.9859421394820872 0.00029402735988044937 0.9783558614714919 1.0075973777365719 0.98578880051188 0.00015333897020719522
60129.90850820544 4.5 0.5 0.985614804667534 0.00029408194927618426 0.9783634998834086 1.007597074222391 0.9857962000085011 -0.000181395340967061
60129.908991587414 4.5 0.5 0.9858030009576175 0.00029415301832411833 0.9783714766260568 1.0075967707082147 0.9858039404014425 -9.394438249543668e-07
60129.909474969405 4.5 0.5 0.985735139647372 0.00029395770529961197 0.9783798029439529 1.0075964671940294 0.9858120330203176 -7.689337294558563e-05
60129.90995835139 4.5 0.5 0.9861260459204284 0.00029412919086019236 0.9783884906381948 1.0075961636798485 0.9858204897555625 0.00030555616486593884
60129.91044173337 4.5 0.5 0.986176456291832 0.0002941635443959704 0.9783975520950094 1.0075958601656678 0.9858293230871549 0.0003471332046771636
60129.910925115364 4.5 0.5 0.9858452199331481 0.00029405001306406363 0.9784070003147303 1.0075955566514825 0.9858385461138278 6.673819320290875e-06
60129.91140849734 4.5 0.5 0.9863183283895868 0.00029421462942604747 0.9784168489429506 1.007595253137306 0.9858481725844775 0.00047015580510922916
60129.911891879325 4.5 0.5 0.9859161002396348 0.00029407059279095495 0.9784271123062641 1.0075949496231253 0.9858582169341302 5.788330550460241e-05
60129.912375261316 4.5 0.5 0.9859438482843246 0.0002940939994708889 0.9784378054480367 1.00759464610894 0.9858686943200224 7.515396430213261e-05
60129.9128586433 4.5 0.5 0.9858905203671777 0.0002940877602419221 0.9784489441685823 1.007594342594759 0.9858796206620788 1.0899705098932344e-05
60129.913342025284 4.5 0.5 0.9860992115664061 0.0002940488999105927 0.9784605450694259 1.0075940390805782 0.985891012687487 0.00020819887891909694
60129.913825407275 4.5 0.5 0.9862771022444586 0.0002941418368508511 0.9784726255999792 1.0075937355663929 0.9859028879777395 0.0003742142667191306
60129.91430878925 4.5 0.5 0.9860220285203074 0.00029413455860702103 0.9784852041079614 1.0075934320522166 0.9859152650194545 0.00010676350085292441
60129.914792171236 4.5 0.5 0.985651751518541 0.0002940303864034167 0.9784982998969455 1.007593128538036 0.9859281632623126 -0.0002764117437715763
60129.91527555323 4.5 0.5 0.9854712310349159 0.0002940409214040117 0.9785119332853909 1.0075928250238504 0.9859416031785764 -0.0004703721436605246
60129.9157589352 4.5 0.5 0.9859416710021905 0.0002941739920369162 0.9785261256727434 1.0075925215096742 0.9859556063296918 -1.3935327501268802e-05
60129.916242317195 4.5 0.5 0.9863606477908227 0.0002941408519686898 0.978540899613968 1.0075922179954888 0.9859701954413389 0.00039045234948376084
60129.91672569918 4.5 0.5 0.9860849767093841 0.0002941136011518377 0.9785562788958473 1.0075919144813081 0.9859853944803717 9.95822290124071e-05
60129.917209081155 4.5 0.5 0.9859168103957076 0.00029404815870433785 0.978572288626133 1.007591610967132 0.9860012287445985 -8.441834889094668e-05
60129.91769246315 4.5 0.5 0.9858788668609991 0.00029416830866147017 0.9785889553293697 1.0075913074529463 0.9860177249593326 -0.00013885809833347196
60129.91817584513 4.5 0.5 0.9860146505130623 0.00029409006608243943 0.9786063070501051 1.0075910039387657 0.9860349113814234 -2.0260868361154927e-05
60129.918659227114 4.5 0.5 0.9862782775643534 0.0002941938599002197 0.9786243734718242 1.0075907004245848 0.9860528179190458 0.00022545964530762408
60129.919142609106 4.5 0.5 0.9855271864349617 0.000294014992786978 0.9786431860449823 1.0075903969103994 0.9860714762607217 -0.000544289825759936
60129.91962599108 4.5 0.5 0.985637755912493 0.000294092789626924 0.9786627781289805 1.0075900933962232 0.9860909200183867 -0.0004531641058936886
60129.920109373066 4.5 0.5 0.9860125562384415 0.00029409871281099894 0.9786831851544341 1.0075897898820423 0.9861111848908442 -9.862865240262142e-05
60129.92059275506 4.5 0.5 0.9864764917444022 0.000294168479394559 0.9787044447985424 1.007589486367857 0.9861323088405018 0.00034418290390036965
60129.92107613704 4.5 0.5 0.9858452297313874 0.0002940585473247258 0.9787265971845011 1.0075891828536763 0.9861543322942906 -0.00030910256290317406
60129.921559519025 4.5 0.5 0.9859395699006337 0.00029412215549202135 0.9787496851070137 1.0075888793394954 0.9861772983708599 -0.00023772847022618393
60129.92204290102 4.5 0.5 0.9865440763132558 0.00029419633881206937 0.9787737542838235 1.00758857582531 0.9862012531340297 0.00034282317922607053
60129.92252628299 4.5 0.5 0.9867077930529662 0.0002942102889151723 0.9787988536398657 1.0075882723111338 0.9862262458791107 0.00048154717385551216
60129.92300966498 4.5 0.5 0.9863856689600937 0.00029415052173146366 0.9788250356355966 1.007587968796953 0.9862523294636758 0.00013333949641791687
60129.92349304697 4.5 0.5 "" "" 0.9788523566341959 1.0075876652827676 0.9862795606775844 ""
60129.92397642895 4.5 0.5 0.9866715206202933 0.0002941990026715603 0.9788808773265311 1.0075873617685867 0.986308000671159 0.0003635199491343055
60129.924459810936 4.5 0.5 0.9864187662450111 0.00029419461015722743 0.9789106632227383 1.007587058254406 0.9863377154504684 8.105079454268083e-05
60129.92494319293 4.5 0.5 0.986765687507329 0.00029415019292398903 0.978941785218207 1.0075867547402206 0.9863687764476112 0.00039691105971773055
60129.925426574904 4.5 0.5 0.9864998018418798 0.0002941660000177657 0.9789743202525846 1.0075864512260442 0.9864012611847306 9.854065714920424e-05
60129.92590995689 4.5 0.5 0.9859957457755482 0.0002941041374633149 0.9790083520899742 1.0075861477118635 0.9864352540600768 -0.00043950828452865576
