LC/1224/4o3/nrs2/results/S5_wasp-107b_ap5_bg10_Table_Save_white.txt
# %ECSV 1.0
# ---
# datatype:
# - {name: time, datatype: float64}
# - {name: wavelength, datatype: float64}
# - {name: bin_width, datatype: float64}
# - {name: lcdata, datatype: float64}
# - {name: lcerr, datatype: float64}
# - {name: transit, datatype: float64}
# - {name: polynom, datatype: float64}
# - {name: model, datatype: float64}
# - {name: residuals, datatype: float64}
# schema: astropy-2.0
time wavelength bin_width lcdata lcerr transit polynom model residuals
[from data line 1131]
60118.54022812988 4.4975000000000005 0.6755 1.00814257710141 0.0007835885130079695 1.0 1.0082602753973127 1.0082602753973127 -0.00011769829590257963
60118.54044758396 4.4975000000000005 0.6755 1.0078858165003823 0.0007838959629557383 1.0 1.008260480930066 1.008260480930066 -0.00037466442968359104
60118.54066703803 4.4975000000000005 0.6755 1.008777489489686 0.0007851355198217714 1.0 1.0082606864628125 1.0082606864628125 0.0005168030268734025
60118.54088649212 4.4975000000000005 0.6755 1.0080608729348342 0.0007837566931538214 1.0 1.0082608919955727 1.0082608919955727 -0.00020001906073852105
60118.54110594619 4.4975000000000005 0.6755 1.0078944855328458 0.0007832912727301033 1.0 1.008261097528319 1.008261097528319 -0.00036661199547327605
60118.54132540027 4.4975000000000005 0.6755 1.008085601765147 0.0007837848965194863 1.0 1.0082613030610723 1.0082613030610723 -0.00017570129592536787
60118.54154485435 4.4975000000000005 0.6755 1.007754925212211 0.0007837044999326691 1.0 1.0082615085938256 1.0082615085938256 -0.0005065833816144671
60118.54176430843 4.4975000000000005 0.6755 1.008609003453979 0.0007828402585621061 1.0 1.008261714126579 1.008261714126579 0.00034728932739991336
60118.54198376251 4.4975000000000005 0.6755 1.0091520728288892 0.000784169615430986 1.0 1.0082619196593323 1.0082619196593323 0.0008901531695568732
60118.54220321658 4.4975000000000005 0.6755 1.0097500217215183 0.000784332387423841 1.0 1.0082621251920787 1.0082621251920787 0.0014878965294395918
60118.54242267066 4.4975000000000005 0.6755 1.0081672461691227 0.0007834474785400379 1.0 1.0082623307248322 1.0082623307248322 -9.508455570950147e-05
60118.54264212474 4.4975000000000005 0.6755 1.0079047061227415 0.0007824726664258629 1.0 1.0082625362575854 1.0082625362575854 -0.00035783013484391724
60118.54286157882 4.4975000000000005 0.6755 1.0091560768328598 0.000783714957623201 1.0 1.0082627417903387 1.0082627417903387 0.0008933350425210929
60118.5430810329 4.4975000000000005 0.6755 1.0082892385488227 0.0007831392736877 1.0 1.008262947323092 1.008262947323092 2.629122573072351e-05
60118.54330048697 4.4975000000000005 0.6755 1.0084555328933469 0.0007832225919584304 1.0 1.0082631528558386 1.0082631528558386 0.00019238003750832178
60118.54351994106 4.4975000000000005 0.6755 1.0078489174219676 0.0007833216442091202 1.0 1.0082633583885985 1.0082633583885985 -0.00041444096663090235
60118.54373939512 4.4975000000000005 0.6755 1.00787775833037 0.0007835038093122927 1.0 1.0082635639213382 1.0082635639213382 -0.00038580559096823563
60118.5439588492 4.4975000000000005 0.6755 1.008258873374185 0.0007831771864854768 1.0 1.0082637694540915 1.0082637694540915 -4.896079906391293e-06
60118.54417830328 4.4975000000000005 0.6755 1.0081362722343774 0.0007825322084110728 1.0 1.008263974986845 1.008263974986845 -0.00012770275246754004
60118.54439775736 4.4975000000000005 0.6755 1.0087637936245817 0.0007836884386335697 1.0 1.0082641805195982 1.0082641805195982 0.0004996131049834762
60118.54461721144 4.4975000000000005 0.6755 1.009021948944279 0.0007841937767862073 1.0 1.0082643860523515 1.0082643860523515 0.0007575628919276323
60118.54483666551 4.4975000000000005 0.6755 1.0084986733707306 0.0007837508140136294 1.0 1.008264591585098 1.008264591585098 0.0002340817856325561
60118.5450561196 4.4975000000000005 0.6755 1.0081110224547927 0.0007820931536961773 1.0 1.008264797117858 1.008264797117858 -0.00015377466306532028
60118.54527557367 4.4975000000000005 0.6755 1.0083198672263591 0.0007829526359201054 1.0 1.0082650026506046 1.0082650026506046 5.4864575754542955e-05
60118.54549502775 4.4975000000000005 0.6755 "" "" 1.0 1.0082652081833579 1.0082652081833579 ""
60118.54571448183 4.4975000000000005 0.6755 1.008608040876296 0.0007832012998866094 1.0 1.0082654137161111 1.0082654137161111 0.00034262716018496064
60118.5459339359 4.4975000000000005 0.6755 1.008974309702783 0.0007836780940011304 1.0 1.0082656192488577 1.0082656192488577 0.0007086904539252981
60118.54615338999 4.4975000000000005 0.6755 1.0083603942783468 0.0007837753999329339 1.0 1.0082658247816179 1.0082658247816179 9.456949672892456e-05
60118.54637284405 4.4975000000000005 0.6755 1.0069613205681067 0.0007832821639709333 1.0 1.0082660303143574 1.0082660303143574 -0.0013047097462506319
60118.54659229813 4.4975000000000005 0.6755 1.0073708592111734 0.0007832380973311834 1.0 1.0082662358471108 1.0082662358471108 -0.0008953766359374171
60118.54681175221 4.4975000000000005 0.6755 1.0078517187963028 0.000782984252176886 1.0 1.008266441379864 1.008266441379864 -0.0004147225835613444
60118.54703120629 4.4975000000000005 0.6755 1.008684721440918 0.0007834444566994894 1.0 1.0082666469126174 1.0082666469126174 0.0004180745283006715
60118.54725066037 4.4975000000000005 0.6755 1.0098015942737746 0.0007845220608704963 1.0 1.0082668524453706 1.0082668524453706 0.0015347418284039627
60118.54747011444 4.4975000000000005 0.6755 1.0078882437394183 0.0007835050270895555 1.0 1.0082670579781172 1.0082670579781172 -0.0003788142386988991
60118.54768956853 4.4975000000000005 0.6755 1.007749245266643 0.0007827793979818646 1.0 1.0082672635108774 1.0082672635108774 -0.0005180182442343639
60118.5479090226 4.4975000000000005 0.6755 1.0089194410445907 0.0007846464582739061 1.0 1.0082674690436237 1.0082674690436237 0.0006519720009670049
60118.54812847668 4.4975000000000005 0.6755 1.0080686671849668 0.0007834076758754257 1.0 1.008267674576377 1.008267674576377 -0.00019900739141021084
60118.54834793076 4.4975000000000005 0.6755 1.0089518352324536 0.0007837033016083786 1.0 1.0082678801091303 1.0082678801091303 0.0006839551233233099
60118.54856738483 4.4975000000000005 0.6755 1.0091506931745782 0.0007834527874499388 1.0 1.0082680856418769 1.0082680856418769 0.0008826075327013072
60118.54878683891 4.4975000000000005 0.6755 1.0092742680170133 0.0007841540307364788 1.0 1.0082682911746301 1.0082682911746301 0.0010059768423831272
60118.54900629298 4.4975000000000005 0.6755 1.0087164098483326 0.0007838925208020817 1.0 1.0082684967073767 1.0082684967073767 0.0004479131409558246
60118.54922574707 4.4975000000000005 0.6755 1.0094880109977649 0.0007839003222244186 1.0 1.0082687022401366 1.0082687022401366 0.0012193087576282124
60118.54944520114 4.4975000000000005 0.6755 1.0077349986490696 0.0007826999239004149 1.0 1.0082689077728832 1.0082689077728832 -0.0005339091238136806
60118.54966465522 4.4975000000000005 0.6755 1.0066321628556398 0.0007830060107157387 1.0 1.0082691133056365 1.0082691133056365 -0.001636950449996677
60118.5498841093 4.4975000000000005 0.6755 1.0072307453684657 0.0007831651885632209 1.0 1.0082693188383898 1.0082693188383898 -0.0010385734699240867
60118.55010356337 4.4975000000000005 0.6755 1.0093656682162069 0.000783827981385863 1.0 1.0082695243711364 1.0082695243711364 0.0010961438450705074
60118.55032301745 4.4975000000000005 0.6755 1.008246206692881 0.0007829541283054971 1.0 1.0082697299038896 1.0082697299038896 -2.3523211008624756e-05
60118.55054247152 4.4975000000000005 0.6755 1.0084349145145846 0.000783532414276988 1.0 1.0082699354366362 1.0082699354366362 0.000164979077948324
60118.5507619256 4.4975000000000005 0.6755 1.007503665362684 0.0007840656092797619 1.0 1.0082701409693895 1.0082701409693895 -0.0007664756067053968
