LC/1224/4o3/nrs2/results/S5_wasp-107b_ap5_bg10_Table_Save_ch0.txt
# %ECSV 1.0
# ---
# datatype:
# - {name: time, datatype: float64}
# - {name: wavelength, datatype: float64}
# - {name: bin_width, datatype: float64}
# - {name: lcdata, datatype: float64}
# - {name: lcerr, datatype: float64}
# - {name: transit, datatype: float64}
# - {name: polynom, datatype: float64}
# - {name: model, datatype: float64}
# - {name: residuals, datatype: float64}
# schema: astropy-2.0
time wavelength bin_width lcdata lcerr transit polynom model residuals
[from data line 1023]
60118.51652708939 4.4975000000000005 0.6755 1.0080142356645936 0.0007831925588788827 1.0 1.0082453778019846 1.0082453778019846 -0.0002311421373910605
60118.51674654347 4.4975000000000005 0.6755 1.0091760309443876 0.0007841791328211197 1.0 1.0082455879309404 1.0082455879309404 0.0009304430134471353
60118.51696599755 4.4975000000000005 0.6755 1.0088143609569005 0.0007843075527118097 1.0 1.0082457980598962 1.0082457980598962 0.0005685628970042433
60118.51718545162 4.4975000000000005 0.6755 1.0069696282166842 0.0007841602497945976 1.0 1.0082460081888451 1.0082460081888451 -0.0012763799721609015
60118.51740490572 4.4975000000000005 0.6755 1.0076429893595518 0.0007834625591477738 1.0 1.008246218317815 1.008246218317815 -0.0006032289582631467
60118.51762435979 4.4975000000000005 0.6755 1.0060750973806123 0.0007830506638163209 1.0 1.0082464284467636 1.0082464284467636 -0.0021713310661513052
60118.51784381387 4.4975000000000005 0.6755 1.009593286636034 0.0007833408827917532 1.0 1.0082466385757196 1.0082466385757196 0.0013466480603143705
60118.51806326795 4.4975000000000005 0.6755 1.0084511484541634 0.0007838059455386533 1.0 1.0082468487046754 1.0082468487046754 0.00020429974948799057
60118.51828272202 4.4975000000000005 0.6755 1.0085075495126303 0.0007838540224255613 1.0 1.008247058833624 1.008247058833624 0.00026049067900624223
60118.518502176106 4.4975000000000005 0.6755 1.0088863311239527 0.0007833853933599551 1.0 1.008247268962587 1.008247268962587 0.0006390621613656666
60118.51872163018 4.4975000000000005 0.6755 1.0084067218115074 0.0007833909382595445 1.0 1.008247479091536 1.008247479091536 0.0001592427199714752
60118.518941084265 4.4975000000000005 0.6755 1.0088114528710432 0.0007836322134252434 1.0 1.0082476892204986 1.0082476892204986 0.0005637636505446686
60118.519160538344 4.4975000000000005 0.6755 1.0085102037959397 0.0007839327628226004 1.0 1.0082478993494544 1.0082478993494544 0.0002623044464853397
60118.51937999242 4.4975000000000005 0.6755 1.0080257919546913 0.0007834190745666731 1.0 1.0082481094784101 1.0082481094784101 -0.00022231752371881797
60118.5195994465 4.4975000000000005 0.6755 1.0087732886655985 0.0007829099237820084 1.0 1.008248319607366 1.008248319607366 0.0005249690582325162
60118.519818900575 4.4975000000000005 0.6755 1.0073801836341407 0.0007830550730573096 1.0 1.0082485297363148 1.0082485297363148 -0.0008683461021741223
60118.52003835466 4.4975000000000005 0.6755 1.006835768194202 0.0007830883379278379 1.0 1.0082487398652775 1.0082487398652775 -0.001412971671075569
60118.520257808734 4.4975000000000005 0.6755 1.007680579841796 0.0007829803977156622 1.0 1.0082489499942264 1.0082489499942264 -0.0005683701524303864
60118.52047726282 4.4975000000000005 0.6755 1.0077179186382 0.0007837892754442831 1.0 1.0082491601231893 1.0082491601231893 -0.0005312414849893976
60118.5206967169 4.4975000000000005 0.6755 1.008519172371628 0.0007840264124416499 1.0 1.0082493702521451 1.0082493702521451 0.0002698021194829092
60118.52091617098 4.4975000000000005 0.6755 1.0081616797156776 0.0007828202477398922 1.0 1.008249580381101 1.008249580381101 -8.790066542330166e-05
60118.52113562506 4.4975000000000005 0.6755 1.0062873201891442 0.0007840442042023785 1.0 1.0082497905100567 1.0082497905100567 -0.001962470320912457
60118.52135507913 4.4975000000000005 0.6755 1.0080686346287804 0.0007827133180926686 1.0 1.0082500006390056 1.0082500006390056 -0.0001813660102252257
60118.52157453322 4.4975000000000005 0.6755 1.0079644233741718 0.0007836469295943671 1.0 1.0082502107679683 1.0082502107679683 -0.0002857873937964772
60118.52179398729 4.4975000000000005 0.6755 1.007274134927906 0.0007838405833892231 1.0 1.0082504208969172 1.0082504208969172 -0.0009762859690112258
60118.52201344137 4.4975000000000005 0.6755 1.0089414708619948 0.0007840505836572217 1.0 1.008250631025873 1.008250631025873 0.0006908398361218371
60118.522232895455 4.4975000000000005 0.6755 1.0096788544814728 0.0007846344596524156 1.0 1.0082508411548357 1.0082508411548357 0.001428013326637112
60118.52245234953 4.4975000000000005 0.6755 1.0093686204392214 0.0007841679731277995 1.0 1.0082510512837846 1.0082510512837846 0.001117569155436815
60118.522671803614 4.4975000000000005 0.6755 "" "" 1.0 1.0082512614127475 1.0082512614127475 ""
60118.522891257686 4.4975000000000005 0.6755 1.0076812323762352 0.0007832405233242438 1.0 1.0082514715416961 1.0082514715416961 -0.0005702391654609507
60118.523110711765 4.4975000000000005 0.6755 1.0090223732749564 0.0007833562740721509 1.0 1.008251681670652 1.008251681670652 0.0007706916043044298
60118.523330165845 4.4975000000000005 0.6755 1.0063970553633292 0.0007830573801442951 1.0 1.0082518917996077 1.0082518917996077 -0.0018548364362784842
60118.523549619924 4.4975000000000005 0.6755 1.0090245446128956 0.0007839011921505412 1.0 1.0082521019285637 1.0082521019285637 0.0007724426843318533
60118.523769074 4.4975000000000005 0.6755 1.0097871947261425 0.0007826172114416952 1.0 1.0082523120575195 1.0082523120575195 0.0015348826686230055
60118.523988528075 4.4975000000000005 0.6755 1.0064957418682237 0.0007830910242373799 1.0 1.0082525221864682 1.0082525221864682 -0.0017567803182445552
60118.52420798216 4.4975000000000005 0.6755 1.0088997555924952 0.0007836835324767274 1.0 1.008252732315431 1.008252732315431 0.0006470232770641182
60118.52442743624 4.4975000000000005 0.6755 1.0094645007130676 0.0007841646760613852 1.0 1.008252942444387 1.008252942444387 0.0012115582686806903
60118.52464689032 4.4975000000000005 0.6755 1.0088466944938823 0.0007841355270858755 1.0 1.0082531525733427 1.0082531525733427 0.0005935419205396197
60118.5248663444 4.4975000000000005 0.6755 1.0083168296082996 0.0007829635512655651 1.0 1.0082533627022985 1.0082533627022985 6.346690600111948e-05
60118.52508579848 4.4975000000000005 0.6755 1.0087203167392986 0.0007837566712766151 1.0 1.0082535728312543 1.0082535728312543 0.0004667439080443536
60118.52530525256 4.4975000000000005 0.6755 1.0072803093128007 0.0007841577730994182 1.0 1.00825378296021 1.00825378296021 -0.0009734736474094063
60118.52552470663 4.4975000000000005 0.6755 1.0091024929757275 0.0007844617848477598 1.0 1.008253993089159 1.008253993089159 0.0008484998865685434
60118.52574416072 4.4975000000000005 0.6755 1.0093329814261882 0.0007841402419763547 1.0 1.0082542032181216 1.0082542032181216 0.0010787782080665664
60118.52596361479 4.4975000000000005 0.6755 1.0066861195676435 0.0007826495801935792 1.0 1.0082544133470706 1.0082544133470706 -0.0015682937794270213
60118.52618306887 4.4975000000000005 0.6755 1.0071275521385572 0.0007836549984131813 1.0 1.0082546234760263 1.0082546234760263 -0.0011270713374691432
60118.52640252295 4.4975000000000005 0.6755 1.0082077177130602 0.0007834646350700585 1.0 1.0082548336049821 1.0082548336049821 -4.711589192196719e-05
60118.52662197702 4.4975000000000005 0.6755 1.008702643094802 0.0007835941669519045 1.0 1.008255043733931 1.008255043733931 0.0004475993608710205
60118.52684143111 4.4975000000000005 0.6755 1.0067955414119476 0.0007830730823702635 1.0 1.008255253862894 1.008255253862894 -0.0014597124509463377
60118.527060885186 4.4975000000000005 0.6755 1.0087068374705328 0.0007836546041572665 1.0 1.0082554639918497 1.0082554639918497 0.0004513734786830703
60118.527280339265 4.4975000000000005 0.6755 1.0090956656479801 0.0007841508616314463 1.0 1.0082556741208055 1.0082556741208055 0.0008399915271746217
60118.527499793345 4.4975000000000005 0.6755 1.008013786441195 0.0007847209981282246 1.0 1.0082558842497613 1.0082558842497613 -0.00024209780856621066
60118.527719247424 4.4975000000000005 0.6755 1.007289256375976 0.0007838312657856921 1.0 1.008256094378717 1.008256094378717 -0.0009668380027409995
60118.5279387015 4.4975000000000005 0.6755 1.0086668270619312 0.0007836921547286963 1.0 1.008256304507673 1.008256304507673 0.0004105225542583302
60118.528158155576 4.4975000000000005 0.6755 1.007045957048107 0.000782952145109585 1.0 1.0082565146366218 1.0082565146366218 -0.001210557588514849
60118.52837760966 4.4975000000000005 0.6755 1.007598918661954 0.0007829871044340994 1.0 1.0082567247655845 1.0082567247655845 -0.0006578061036304206
60118.528597063734 4.4975000000000005 0.6755 1.0078214846731226 0.0007836372698083068 1.0 1.0082569348945334 1.0082569348945334 -0.0004354502214107825
60118.52881651781 4.4975000000000005 0.6755 1.0080618104789836 0.0007835120750749878 1.0 1.0082571450234892 1.0082571450234892 -0.00019533454450559873
60118.52903597189 4.4975000000000005 0.6755 1.0085165488951675 0.000783927844183966 1.0 1.008257355152445 1.008257355152445 0.00025919374272254103
60118.52925542597 4.4975000000000005 0.6755 1.0093927707146018 0.0007832538688539862 1.0 1.0082575652814008 1.0082575652814008 0.001135205433201003
60118.52947488005 4.4975000000000005 0.6755 1.0081937645198402 0.0007827695243396258 1.0 1.0082577754103565 1.0082577754103565 -6.401089051633058e-05
60118.52969433412 4.4975000000000005 0.6755 1.0082062381334065 0.0007838083245699414 1.0 1.0082579855393055 1.0082579855393055 -5.1747405898971977e-05
60118.5299137882 4.4975000000000005 0.6755 1.0090460991139474 0.0007828740797598829 1.0 1.0082581956682612 1.0082581956682612 0.0007879034456861334
60118.53013324228 4.4975000000000005 0.6755 1.0072033971820717 0.0007826099213821648 1.0 1.008258405797217 1.008258405797217 -0.001055008615145292
60118.53035269636 4.4975000000000005 0.6755 1.0075388624187958 0.0007831370069729562 1.0 1.0082586159261728 1.0082586159261728 -0.0007197535073770744
60118.53057215044 4.4975000000000005 0.6755 1.007976870978292 0.0007829567952722263 1.0 1.0082588260551286 1.0082588260551286 -0.00028195507683670407
60118.53079160451 4.4975000000000005 0.6755 1.0057922285578522 0.0007832130032070605 1.0 1.0082590361840775 1.0082590361840775 -0.002466807626225309
60118.53101105861 4.4975000000000005 0.6755 1.0066922963527434 0.0007823234021096962 1.0 1.0082592463130473 1.0082592463130473 -0.0015669499603039316
60118.53123051268 4.4975000000000005 0.6755 1.0088435457737654 0.000781999915206728 1.0 1.0082594564419962 1.0082594564419962 0.0005840893317692331
60118.53144996676 4.4975000000000005 0.6755 1.0083201611504276 0.0007838650219702887 1.0 1.008259666570952 1.008259666570952 6.049457947554515e-05
60118.53166942084 4.4975000000000005 0.6755 1.009065378517739 0.0007835791608129915 1.0 1.0082598766999078 1.0082598766999078 0.0008055018178312334
60118.53188887492 4.4975000000000005 0.6755 1.0082399467237018 0.0007828275130045576 1.0 1.0082600868288636 1.0082600868288636 -2.0140105161825517e-05
60118.532108329 4.4975000000000005 0.6755 1.006935561595982 0.000783666107248344 1.0 1.0082602969578194 1.0082602969578194 -0.0013247353618373037
60118.53232778307 4.4975000000000005 0.6755 1.0079710013022936 0.0007817638359190889 1.0 1.0082605070867683 1.0082605070867683 -0.00028950578447473063
60118.532547237155 4.4975000000000005 0.6755 1.007386967134891 0.0007833539567125884 1.0 1.008260717215731 1.008260717215731 -0.0008737500808400078
60118.53276669123 4.4975000000000005 0.6755 1.008034891787535 0.0007845760339064707 1.0 1.0082609273446799 1.0082609273446799 -0.00022603555714484358
60118.53298614531 4.4975000000000005 0.6755 1.0078700442250785 0.0007825973256695076 1.0 1.0082611374736357 1.0082611374736357 -0.00039109324855712835
60118.533205599386 4.4975000000000005 0.6755 1.0091578470754372 0.0007844622866794039 1.0 1.0082613476025915 1.0082613476025915 0.0008964994728457576
60118.533425053465 4.4975000000000005 0.6755 1.0088172920546519 0.0007839908367100561 1.0 1.0082615577315472 1.0082615577315472 0.0005557343231046286
60118.533644507545 4.4975000000000005 0.6755 1.008748478588167 0.0007831876788910022 1.0 1.008261767860503 1.008261767860503 0.00048671072766404144
60118.53386396162 4.4975000000000005 0.6755 1.0086271276260974 0.0007842879797961031 1.0 1.008261977989452 1.008261977989452 0.0003651496366454676
60118.534083415696 4.4975000000000005 0.6755 1.0081951307033532 0.0007843938503854588 1.0 1.0082621881184077 1.0082621881184077 -6.705741505452778e-05
60118.534302869775 4.4975000000000005 0.6755 1.008642964918496 0.0007845145040995102 1.0 1.0082623982473635 1.0082623982473635 0.0003805666711325095
60118.534522323855 4.4975000000000005 0.6755 1.0075564420895398 0.0007827002880625798 1.0 1.0082626083763193 1.0082626083763193 -0.0007061662867795526
60118.534741777934 4.4975000000000005 0.6755 1.0097159075762896 0.00078374832110904 1.0 1.008262818505275 1.008262818505275 0.0014530890710144906
60118.534961232006 4.4975000000000005 0.6755 1.008156437897684 0.000783234483729525 1.0 1.008263028634224 1.008263028634224 -0.00010659073654006868
60118.53518068609 4.4975000000000005 0.6755 1.0081036498762872 0.0007837855255476264 1.0 1.008263238763187 1.008263238763187 -0.00015958888689970863
60118.535400140165 4.4975000000000005 0.6755 1.0089346817402687 0.0007839752538300332 1.0 1.0082634488921356 1.0082634488921356 0.0006712328481330854
60118.535619594244 4.4975000000000005 0.6755 1.0073551837648376 0.0007823463718786428 1.0 1.0082636590210914 1.0082636590210914 -0.0009084752562538156
60118.53583904832 4.4975000000000005 0.6755 1.0090071078012428 0.0007830467859527069 1.0 1.0082638691500472 1.0082638691500472 0.0007432386511956324
60118.5360585024 4.4975000000000005 0.6755 1.0098321074416523 0.0007834462633231782 1.0 1.0082640792790032 1.0082640792790032 0.0015680281626491155
60118.53627795648 4.4975000000000005 0.6755 1.0096246342133752 0.0007837933363612348 1.0 1.008264289407959 1.008264289407959 0.001360344805416247
60118.536497410554 4.4975000000000005 0.6755 1.008008259759034 0.0007844717109084824 1.0 1.0082644995369077 1.0082644995369077 -0.0002562397778735903
60118.53671686464 4.4975000000000005 0.6755 1.007071145019454 0.0007816903911503517 1.0 1.0082647096658706 1.0082647096658706 -0.0011935646464165117
60118.53693631871 4.4975000000000005 0.6755 1.0075309974729927 0.0007834557508510789 1.0 1.0082649197948195 1.0082649197948195 -0.0007339223218267854
60118.53715577279 4.4975000000000005 0.6755 1.0076177063367924 0.0007836379585198951 1.0 1.0082651299237753 1.0082651299237753 -0.000647423586982887
60118.53737522687 4.4975000000000005 0.6755 1.0084423676981875 0.0007827414789738787 1.0 1.008265340052731 1.008265340052731 0.00017702764545646232
60118.53759468095 4.4975000000000005 0.6755 1.0085424225243205 0.000784144755925888 1.0 1.0082655501816868 1.0082655501816868 0.00027687234263362726
60118.53781413503 4.4975000000000005 0.6755 1.0095066577276737 0.0007826201240331322 1.0 1.0082657603106426 1.0082657603106426 0.0012408974170310394
60118.5380335891 4.4975000000000005 0.6755 1.008108429708542 0.0007842425243349597 1.0 1.0082659704395915 1.0082659704395915 -0.00015754073104945476
60118.53825304318 4.4975000000000005 0.6755 1.0092399677058006 0.0007834783255898946 1.0 1.0082661805685473 1.0082661805685473 0.000973787137253268
60118.53847249726 4.4975000000000005 0.6755 1.0086327715016448 0.0007835050035736294 1.0 1.0082663906975031 1.0082663906975031 0.00036638080414164165
60118.53869195134 4.4975000000000005 0.6755 1.0075804703495381 0.0007826319753728785 1.0 1.008266600826459 1.008266600826459 -0.0006861304769207877
60118.53891140542 4.4975000000000005 0.6755 1.0079943498585586 0.0007831256154729417 1.0 1.0082668109554147 1.0082668109554147 -0.00027246109685608033
60118.53913085949 4.4975000000000005 0.6755 1.0080712155519083 0.000782604587239195 1.0 1.0082670210843636 1.0082670210843636 -0.00019580553245535093
60118.53935031358 4.4975000000000005 0.6755 1.0098489334137082 0.0007839403989735999 1.0 1.0082672312133263 1.0082672312133263 0.001581702200381896
60118.53956976765 4.4975000000000005 0.6755 1.0082281129077524 0.0007830698906021518 1.0 1.0082674413422752 1.0082674413422752 -3.932843452281176e-05
60118.53978922173 4.4975000000000005 0.6755 1.0089822317829993 0.0007836508387381439 1.0 1.008267651471231 1.008267651471231 0.0007145803117682981
