LC/1224/4o3/nrs2/results/S5_wasp-107b_ap5_bg10_Table_Save_ch0.txt
# %ECSV 1.0
# ---
# datatype:
# - {name: time, datatype: float64}
# - {name: wavelength, datatype: float64}
# - {name: bin_width, datatype: float64}
# - {name: lcdata, datatype: float64}
# - {name: lcerr, datatype: float64}
# - {name: transit, datatype: float64}
# - {name: polynom, datatype: float64}
# - {name: model, datatype: float64}
# - {name: residuals, datatype: float64}
# schema: astropy-2.0
time wavelength bin_width lcdata lcerr transit polynom model residuals
[from data line 430]
60118.38639081787 4.4975000000000005 0.6755 1.0092994339392016 0.0007833310976724108 1.0 1.0081207713288198 1.0081207713288198 0.0011786626103817976
60118.38661027196 4.4975000000000005 0.6755 1.008247690093032 0.0007840537268222205 1.0 1.0081209814577896 1.0081209814577896 0.0001267086352423341
60118.38682972604 4.4975000000000005 0.6755 1.0089135330486732 0.0007834325838860979 1.0 1.0081211915867454 1.0081211915867454 0.000792341461927748
60118.387049180135 4.4975000000000005 0.6755 1.0080588186657158 0.0007824957478830129 1.0 1.0081214017157152 1.0081214017157152 -6.258304999939845e-05
60118.38726863422 4.4975000000000005 0.6755 1.0082539524931347 0.0007836963432877307 1.0 1.0081216118446779 1.0081216118446779 0.00013234064845679683
60118.38748808831 4.4975000000000005 0.6755 1.0089759262208353 0.0007834826445110447 1.0 1.0081218219736408 1.0081218219736408 0.0008541042471945648
60118.387707542395 4.4975000000000005 0.6755 1.0066897146530935 0.0007827527422188833 1.0 1.0081220321026034 1.0081220321026034 -0.00143231744950989
60118.38792699648 4.4975000000000005 0.6755 1.0082091330402667 0.0007834476408729857 1.0 1.0081222422315663 1.0081222422315663 8.689080870039056e-05
60118.388146450576 4.4975000000000005 0.6755 1.0077543727215545 0.0007838422105007285 1.0 1.0081224523605359 1.0081224523605359 -0.00036807963898133345
60118.388365904655 4.4975000000000005 0.6755 1.0072748851030782 0.000784351533763357 1.0 1.0081226624894917 1.0081226624894917 -0.0008477773864135063
60118.38858535875 4.4975000000000005 0.6755 1.0096255189051333 0.0007836289978009119 1.0 1.0081228726184615 1.0081228726184615 0.0015026462866718493
60118.388804812836 4.4975000000000005 0.6755 1.0074736600201744 0.0007833234961987072 1.0 1.0081230827474243 1.0081230827474243 -0.0006494227272499931
60118.38902426692 4.4975000000000005 0.6755 1.0067772994302822 0.0007833921303676119 1.0 1.008123292876387 1.008123292876387 -0.001345993446104865
60118.38924372101 4.4975000000000005 0.6755 1.0085179410674243 0.0007844763764050027 1.0 1.00812350300535 1.00812350300535 0.00039443806207439813
60118.38946317509 4.4975000000000005 0.6755 1.0085187115602179 0.0007831802062654237 1.0 1.0081237131343057 1.0081237131343057 0.00039499842591217416
60118.38968262919 4.4975000000000005 0.6755 1.0080232789511105 0.0007848712179266353 1.0 1.0081239232632824 1.0081239232632824 -0.00010064431217182701
60118.38990208327 4.4975000000000005 0.6755 1.0074566319292346 0.0007839214368559056 1.0 1.0081241333922382 1.0081241333922382 -0.0006675014630035392
60118.390121537355 4.4975000000000005 0.6755 1.0081102473628463 0.0007834977755174733 1.0 1.008124343521201 1.008124343521201 -1.409615835479272e-05
60118.39034099144 4.4975000000000005 0.6755 1.0086867229849135 0.0007839830915081831 1.0 1.0081245536501637 1.0081245536501637 0.0005621693347497292
60118.390560445536 4.4975000000000005 0.6755 1.0070136009514339 0.0007842740690296383 1.0 1.0081247637791335 1.0081247637791335 -0.00111116282769963
60118.39077989962 4.4975000000000005 0.6755 1.0087159583507634 0.0007833577635119291 1.0 1.0081249739080962 1.0081249739080962 0.0005909844426672528
60118.3909993537 4.4975000000000005 0.6755 1.0067913933338142 0.0007823727961467331 1.0 1.008125184037052 1.008125184037052 -0.0013337907032378027
60118.3912188078 4.4975000000000005 0.6755 1.0082494928259436 0.0007833812129619726 1.0 1.0081253941660289 1.0081253941660289 0.00012409865991469538
60118.39143826188 4.4975000000000005 0.6755 1.0068181981602842 0.0007828979140437768 1.0 1.0081256042949847 1.0081256042949847 -0.001307406134700484
60118.39165771597 4.4975000000000005 0.6755 1.0096221814208415 0.0007844867283571098 0.9999775949319987 1.0081258144239473 1.0081032272965214 0.0015189541243201266
60118.391877170056 4.4975000000000005 0.6755 1.008724282504465 0.0007829159282695758 0.9998993101953577 1.0081260245529102 1.0080245165404431 0.0006997659640219922
60118.39209662415 4.4975000000000005 0.6755 1.009072343015488 0.0007841397024624107 0.9997892512668639 1.00812623468188 1.0079137733550796 0.0011585696604083928
60118.392316078236 4.4975000000000005 0.6755 1.0098683459415296 0.0007835549157009134 0.9996546636274017 1.0081264448108427 1.0077783020812714 0.0020900438602582394
60118.392535532315 4.4975000000000005 0.6755 1.0065985968531415 0.0007822416240013749 0.999499386673248 1.0081266549397985 1.0076219733012817 -0.001023376448140212
60118.39275498641 4.4975000000000005 0.6755 1.0083412101071487 0.0007835517296298707 0.9993259509290972 1.0081268650687683 1.0074473380920164 0.0008938720151323576
60118.392974440496 4.4975000000000005 0.6755 1.0071095247901136 0.0007832591565415513 0.9991362113558039 1.008127075197731 1.0072562664782685 -0.0001467416881548722
60118.39319389458 4.4975000000000005 0.6755 1.0080921782161816 0.0007835143934638814 0.9989316187048002 1.0081272853266938 1.0070502209918701 0.0010419572243114406
60118.39341334867 4.4975000000000005 0.6755 1.0074098903776039 0.0007828537457538757 0.9987133587951245 1.0081274954556565 1.0068303970802353 0.0005794932973686162
60118.39363280275 4.4975000000000005 0.6755 1.0077869783532234 0.0007841458748143236 0.9984824325830951 1.0081277055846123 1.006597803826538 0.0011891745266854326
60118.39385225684 4.4975000000000005 0.6755 1.0064524776242632 0.0007816860965537437 0.9982397059845924 1.008127915713582 1.0063533141767862 9.91634474769576e-05
60118.39407171093 4.4975000000000005 0.6755 1.0057578562583462 0.0007823944455602602 0.9979859429058288 1.008128125842545 1.0060976982388583 -0.0003398419805120678
60118.394291165016 4.4975000000000005 0.6755 1.0049829277766675 0.0007824182703514258 0.9977218279721497 1.0081283359715076 1.0058316461960142 -0.000848718419346639
60118.3945106191 4.4975000000000005 0.6755 1.0060492057297803 0.0007834006988363048 0.9974479829504653 1.0081285461004705 1.0055557848626995 0.0004934208670808182
60118.39473007319 4.4975000000000005 0.6755 1.0046587169490542 0.000782749757684447 0.9971649788761441 1.0081287562294332 1.0052706899099562 -0.0006119729609019853
60118.39494952728 4.4975000000000005 0.6755 1.0053241019411605 0.0007824420926928726 0.9968733452667432 1.008128966358403 1.0049768951540052 0.0003472067871552742
60118.39516898136 4.4975000000000005 0.6755 1.004787346482099 0.0007818459960280837 0.9965735773395967 1.0081291764873588 1.0046748998324289 0.00011244664967025031
60118.395388435456 4.4975000000000005 0.6755 1.0039553038323992 0.000780590232115863 0.9962661415846741 1.0081293866163286 1.0043651742223738 -0.00040987038997464253
60118.395607889535 4.4975000000000005 0.6755 1.0047523379112275 0.0007828229468405984 0.9959514804957538 1.0081295967452844 1.0040481644100532 0.0007041735011743544
60118.39582734363 4.4975000000000005 0.6755 1.0039952998791386 0.0007820857024937704 0.9956300161610362 1.0081298068742541 1.0037242959106358 0.00027100396850276987
60118.396046797716 4.4975000000000005 0.6755 1.0037990266209451 0.0007805518468448839 0.9953021535392859 1.0081300170032168 1.0033939769708986 0.0004050496500465073
60118.3962662518 4.4975000000000005 0.6755 1.002386365689633 0.0007810759953467219 0.9949682829739547 1.0081302271321797 1.0030576011038477 -0.0006712354142146548
60118.39648570589 4.4975000000000005 0.6755 1.00342818602809 0.0007820883604095103 0.9946287824911207 1.0081304372611424 1.0027155494052913 0.0007126366227987457
60118.39670515997 4.4975000000000005 0.6755 1.0006861630065067 0.00077991979098804 0.9942840197418162 1.0081306473900982 1.0023681925119463 -0.0016820295054396084
60118.39692461407 4.4975000000000005 0.6755 1.0009321401151183 0.0007813623148102582 0.9939343536323252 1.008130857519075 1.0020158922450235 -0.001083752129905191
60118.39714406815 4.4975000000000005 0.6755 1.0022172956561632 0.0007817845747994805 0.9935801360040326 1.0081310676480308 1.001659003303621 0.0005582923525422334
60118.397363522236 4.4975000000000005 0.6755 1.0007320798561739 0.0007804275544102945 0.9932217127533562 1.0081312777769935 1.001297874393895 -0.0005657945377210982
60118.39758297632 4.4975000000000005 0.6755 1.0008008290121768 0.0007805272713854842 0.9928594252344172 1.0081314879059564 1.0009328496430256 -0.0001320206308488281
60118.3978024304 4.4975000000000005 0.6755 1.001004967869244 0.0007802678373061841 0.99249361133201 1.0081316980349122 1.0005642696809414 0.0004406981883027239
60118.3980218845 4.4975000000000005 0.6755 1.0008810303555589 0.0007812656510062619 0.9921246064543779 1.0081319081638889 1.0001924726411993 0.0006885577143596056
60118.39824133858 4.4975000000000005 0.6755 1.0005752576109679 0.0007818478679666583 0.9917527447127731 1.0081321182928447 0.9998177953500307 0.0007574622609372028
60118.39846079267 4.4975000000000005 0.6755 1.0000210901888067 0.0007807578777993221 0.9913783596309927 1.0081323284218073 0.9994405740417845 0.0005805161470221476
60118.398680246755 4.4975000000000005 0.6755 0.9986849773752637 0.000779804871065236 0.9910017852555826 1.0081325385507702 0.9990611454780557 -0.0003761681027919517
60118.39889970084 4.4975000000000005 0.6755 0.9983976996750649 0.0007793016873856084 0.9906233569940552 1.008132748679733 0.9986798477927612 -0.00028214811769633474
60118.399119154936 4.4975000000000005 0.6755 0.9981860254102385 0.0007784989519819431 0.9902434125242499 1.0081329588087027 0.9982970214088988 -0.00011099599866026821
60118.399338609015 4.4975000000000005 0.6755 0.998153208558782 0.0007791082588351578 0.9898622927772249 1.0081331689376585 0.9979130100294 0.00024019852938195196
60118.39955806311 4.4975000000000005 0.6755 0.9967017816888144 0.0007788635352172112 0.9894803427406461 1.0081333790666283 0.9975281614471331 -0.0008263797583186738
60118.39977751719 4.4975000000000005 0.6755 0.99767925369537 0.0007793700450984768 0.9890979126259986 1.008133589195584 0.9971428287215081 0.0005364249738619709
60118.399996971275 4.4975000000000005 0.6755 0.99668375761945 0.000779605733611941 0.9887153587056504 1.008133799324547 0.9967573710224596 -7.361340300959807e-05
60118.40021642537 4.4975000000000005 0.6755 0.9974957156702299 0.0007800385665188184 0.9883330445310597 1.0081340094535167 0.9963721548584984 0.0011235608117314833
60118.400435879455 4.4975000000000005 0.6755 0.9968226182768961 0.0007799124054536812 0.9879513420935282 1.0081342195824794 0.9959875552469222 0.000835063029973937
60118.40065533354 4.4975000000000005 0.6755 0.9959237420303634 0.0007771839077087848 0.9875706330362655 1.0081344297114423 0.9956039569357835 0.0003197850945798608
60118.40087478762 4.4975000000000005 0.6755 0.9958465965925155 0.0007789289932063853 0.987191310118667 1.008134639840398 0.9952217558800531 0.0006248407124623823
60118.401094241715 4.4975000000000005 0.6755 0.9939889075949964 0.0007784530761040743 0.9868137786958419 1.0081348499693676 0.9948413607332373 -0.000852453138240894
60118.401313695795 4.4975000000000005 0.6755 0.9941769996617796 0.0007775530942349171 0.9864384585997048 1.0081350600983237 0.9944631947437111 -0.0002861950819315062
60118.40153314989 4.4975000000000005 0.6755 0.9934245134497294 0.0007774761248970778 0.986065785925412 1.0081352702272932 0.9940876975558035 -0.0006631841060741328
60118.401752603975 4.4975000000000005 0.6755 0.9947395197303046 0.0007781379460838162 0.9856962154758427 1.008135480356256 0.9937153276740824 0.001024192056222173
60118.401972058055 4.4975000000000005 0.6755 0.9931721104531388 0.0007767687981959157 0.9853302232459662 1.008135690485212 0.9933465649680201 -0.00017445451488129482
60118.40219151215 4.4975000000000005 0.6755 0.9912943542197227 0.000776799893274911 0.9849683094709867 1.0081359006141817 0.9929819137449611 -0.001687559525238469
60118.40241096623 4.4975000000000005 0.6755 0.9920602450533305 0.0007774213100540446 0.9846110023435083 1.0081361107431375 0.9926219064974866 -0.0005616614441561474
60118.402630420314 4.4975000000000005 0.6755 0.9927252284167739 0.0007784905085914579 0.9842588621428908 1.0081363208721001 0.9922671080664935 0.00045812035028036657
60118.40284987441 4.4975000000000005 0.6755 0.9921474917743431 0.0007767964628837595 0.9839124865546096 1.00813653100107 0.991918121003801 0.00022937077054219213
60118.403069328495 4.4975000000000005 0.6755 0.9926504499541825 0.0007773731732625205 0.9835725170344819 1.0081367411300328 0.9915755919882062 0.0010748579659762836
60118.40328878258 4.4975000000000005 0.6755 0.9909663157004018 0.0007762395483429279 0.9832396466970116 1.0081369512589955 0.9912402197780971 -0.0002739040776952306
60118.40350823666 4.4975000000000005 0.6755 0.989974301299588 0.0007760833312148413 0.982914630442057 1.0081371613879513 0.9909127654205425 -0.0009384641209545519
60118.403727690755 4.4975000000000005 0.6755 0.9897277068278435 0.000775948262242676 0.9825982979063519 1.008137371516921 0.9905940653083102 -0.000866358480466678
60118.403947144834 4.4975000000000005 0.6755 0.9899300938623489 0.0007756827541135216 0.9822915707926142 1.0081375816458769 0.9902850486499957 -0.00035495478764679955
60118.40416659892 4.4975000000000005 0.6755 0.9910717185783355 0.0007757044710656061 0.9819954861046167 1.0081377917748398 0.9899867608943687 0.0010849576839668806
60118.404386053015 4.4975000000000005 0.6755 0.990662297982892 0.0007768881682496451 0.9817112290543482 1.0081380019038093 0.9897003969053835 0.0009619010775084869
60118.4046055071 4.4975000000000005 0.6755 0.9908428638241302 0.0007757572530882064 0.9814401809226547 1.0081382120327722 0.9894273492124857 0.001415514611644575
60118.40482496119 4.4975000000000005 0.6755 0.988119360462458 0.000775497667571179 0.9811839924623715 1.0081384221617349 0.9891692820113668 -0.0010499215489088165
60118.40504441527 4.4975000000000005 0.6755 0.9891735712378238 0.0007763390963638129 0.980944704223415 1.008138632290691 0.9889282524685898 0.0002453187692339487
60118.405263869354 4.4975000000000005 0.6755 0.987367587764716 0.0007761692671797133 0.9807249619055638 1.0081388424196536 0.9887069278275339 -0.0013393400628178842
60118.40548332344 4.4975000000000005 0.6755 0.989108430022387 0.0007761535373028433 0.9805284564609643 1.0081390525486162 0.9885090290935137 0.0005994009288733393
60118.40570277753 4.4975000000000005 0.6755 0.9890908227165788 0.0007749788532803001 0.9803610443446695 1.0081392626775791 0.9883404604034566 0.0007503623131221993
60118.40592223162 4.4975000000000005 0.6755 0.9900093971955085 0.0007752604728193186 0.9802354878715323 1.008139472806549 0.9882140879690768 0.001795309226431674
60118.4061416857 4.4975000000000005 0.6755 0.9867949988734602 0.0007750575927017634 0.9801783019985302 1.0081396829355047 0.9881566425970596 -0.0013616437235993706
60118.406361139794 4.4975000000000005 0.6755 0.987547680961372 0.0007759100475207378 0.9801305564943225 1.0081398930644745 0.9881087144134101 -0.0005610334520380622
60118.40658059387 4.4975000000000005 0.6755 0.9860885784479836 0.000774736250558371 0.9800853312110396 1.0081401031934303 0.9880633269454647 -0.001974748497481138
60118.40680004796 4.4975000000000005 0.6755 0.9877519855928006 0.000775213181743931 0.9800422069365613 1.008140313322393 0.9880200575701944 -0.0002680719773937579
60118.40701950205 4.4975000000000005 0.6755 0.987422904316734 0.0007749101171744178 0.9800009119410583 1.0081405234513559 0.9879786323470646 -0.00055572803033066
60118.40723895613 4.4975000000000005 0.6755 0.9879579219772066 0.0007763696012416953 0.9799612479036754 1.0081407335803185 0.9879388513418957 1.9070635310813877e-05
60118.40745841022 4.4975000000000005 0.6755 0.9882407912002831 0.0007757818088758162 0.979923060657633 1.0081409437092814 0.9879005591338735 0.0003402320664095404
60118.40767786431 4.4975000000000005 0.6755 0.9873052397956266 0.0007760020402768101 0.9798862254418336 1.008141153838244 0.9878636299471318 -0.0005583901515052725
60118.4078973184 4.4975000000000005 0.6755 0.9871401293750739 0.000776145090031679 0.9798506384015445 1.0081413639672139 0.9878279590822784 -0.0006878297072044903
