LC/1224/4o3/nrs2/results/S5_wasp-107b_ap5_bg10_Table_Save_ch0.txt
# %ECSV 1.0
# ---
# datatype:
# - {name: time, datatype: float64}
# - {name: wavelength, datatype: float64}
# - {name: bin_width, datatype: float64}
# - {name: lcdata, datatype: float64}
# - {name: lcerr, datatype: float64}
# - {name: transit, datatype: float64}
# - {name: polynom, datatype: float64}
# - {name: model, datatype: float64}
# - {name: residuals, datatype: float64}
# schema: astropy-2.0
time wavelength bin_width lcdata lcerr transit polynom model residuals
[from data line 726]
60118.4513492272 4.4975000000000005 0.6755 0.9866349103013865 0.0007754475122193304 0.9783166069738227 1.0081829695015094 0.9863221419315097 0.00031276836987681467
60118.45156868129 4.4975000000000005 0.6755 0.9869605875655165 0.0007752168099527139 0.9783170719326673 1.0081831796304723 0.98632281626785 0.0006377712976665117
60118.451788135375 4.4975000000000005 0.6755 0.985630683140312 0.0007741276695759972 0.9783175764079872 1.008183389759435 0.9863235304442396 -0.0006928473039276017
60118.45200758945 4.4975000000000005 0.6755 0.9857891314564434 0.0007746370784819261 0.9783181205286918 1.008183599888384 0.9863242845906544 -0.0005351531342109306
60118.45222704354 4.4975000000000005 0.6755 0.9865201096084368 0.0007744455593195373 0.9783187044340315 1.0081838100173537 0.9863250788475432 0.00019503076089366633
60118.45244649762 4.4975000000000005 0.6755 0.9856457239699569 0.0007746540293739747 0.9783193282733232 1.0081840201463095 0.9863259133654361 -0.0006801893954792027
60118.4526659517 4.4975000000000005 0.6755 0.9858496478511466 0.0007750240979491449 0.9783199922063145 1.0081842302752653 0.9863267883054267 -0.00047714045428015606
60118.452885405786 4.4975000000000005 0.6755 0.9875416664293986 0.0007756641409907786 0.9783206964030842 1.0081844404042282 0.9863277038390182 0.001213962590380313
60118.45310485987 4.4975000000000005 0.6755 0.9869548356892353 0.0007760822216680047 0.9783214410440612 1.0081846505331908 0.9863286601481345 0.0006261755411007819
60118.45332431396 4.4975000000000005 0.6755 0.9873432489212871 0.0007753543480428535 0.9783222263201444 1.0081848606621537 0.9863296574252628 0.001013591496024313
60118.45354376803 4.4975000000000005 0.6755 0.9877390687800486 0.0007745965547713772 0.978323052432682 1.0081850707911024 0.9863306958734109 0.001408372906637645
60118.45376322212 4.4975000000000005 0.6755 0.9864519118900841 0.0007760144281385554 0.9783239195937543 1.0081852809200653 0.9863317757064486 0.00012013618363548861
60118.453982676205 4.4975000000000005 0.6755 0.9859742314546454 0.000775322460738988 0.9783248280259086 1.008185491049028 0.9863328971487565 -0.0003586656941111377
60118.454202130284 4.4975000000000005 0.6755 0.9852884402635085 0.0007745519487695654 0.9783257779624109 1.0081857011779838 0.9863340604355297 -0.0010456201720212555
60118.45442158437 4.4975000000000005 0.6755 0.9858391457976704 0.0007741648557688513 0.9783267696473928 1.0081859113069467 0.9863352658129381 -0.0004961200152676648
60118.45464103845 4.4975000000000005 0.6755 0.9859312026426754 0.0007743800730467119 0.978327803335701 1.0081861214359025 0.9863365135379267 -0.0004053108952513096
60118.454860492544 4.4975000000000005 0.6755 0.9868282635021336 0.0007746320104100366 0.9783288792932785 1.0081863315648723 0.9863378038786632 0.0004904596234703851
60118.455079946616 4.4975000000000005 0.6755 0.985782833635531 0.0007742724878692895 0.9783299977967891 1.008186541693821 0.9863391371140683 -0.0005563034785373011
60118.4552994007 4.4975000000000005 0.6755 0.9878105098823122 0.0007745205348025503 0.9783311591343564 1.0081867518227838 0.9863405135346859 0.0014699963476263456
60118.45551885479 4.4975000000000005 0.6755 0.9869816751537313 0.0007768897389771121 0.9783323636050344 1.0081869619517465 0.986341933442031 0.0006397417117002258
60118.45573830887 4.4975000000000005 0.6755 0.9860001210420508 0.0007736524839941049 0.978333611519189 1.0081871720807023 0.9863433971490315 -0.00034327610698070554
60118.455957762955 4.4975000000000005 0.6755 0.9859136678171634 0.0007749666068596076 0.9783349031986931 1.0081873822096652 0.9863449049802366 -0.00043123716307325033
60118.456177217035 4.4975000000000005 0.6755 0.9873345510181122 0.0007755460941601069 0.9783362389767367 1.008187592338621 0.9863464572715779 0.000988093746534302
60118.45639667112 4.4975000000000005 0.6755 0.9849416911016914 0.0007744604896090259 0.9783376191982778 1.0081878024675837 0.9863480543708794 -0.0014063632691879713
60118.4566161252 4.4975000000000005 0.6755 0.9860851294817471 0.0007748837015948598 0.9783390442198012 1.0081880125965397 0.9863496966375596 -0.00026456715581246737
60118.45683557929 4.4975000000000005 0.6755 0.9867102174885592 0.0007752293175255574 0.978340514409801 1.0081882227255023 0.9863513844431709 0.00035883304538830707
60118.457055033374 4.4975000000000005 0.6755 0.9866916389736968 0.0007755171550710375 0.9783420301485758 1.008188432854465 0.9863531181711483 0.00033852080254848094
60118.45727448745 4.4975000000000005 0.6755 0.9871949509705469 0.0007760865302121912 0.978343591828491 1.008188642983421 0.9863548982170922 0.0008400527534546676
60118.45749394154 4.4975000000000005 0.6755 0.9868788269313848 0.0007767243566094999 0.9783451998542697 1.0081888531123837 0.986356724989082 0.0005221019423028439
60118.45771339562 4.4975000000000005 0.6755 0.9856026013378735 0.0007743606859207607 0.9783468546427646 1.0081890632413395 0.9863585989073997 -0.0007559975695262677
60118.4579328497 4.4975000000000005 0.6755 0.9846811950969174 0.0007743277407109353 0.9783485566234674 1.0081892733702953 0.9863605204050908 -0.001679325308173385
60118.458152303785 4.4975000000000005 0.6755 0.9868474913919234 0.0007748674744520556 0.9783503062385019 1.0081894834992582 0.9863624899279364 0.0004850014639870004
60118.45837175787 4.4975000000000005 0.6755 0.9866383367658532 0.0007742866340797957 0.978352103942655 1.0081896936282209 0.9863645079344707 0.00027382883138249436
60118.45859121195 4.4975000000000005 0.6755 0.9865055296780602 0.000775242306721214 0.9783539502036406 1.0081899037571767 0.986366574896262 0.00013895478179815068
60118.45881066603 4.4975000000000005 0.6755 0.9872818480930377 0.0007754043815897655 0.9783558455023894 1.0081901138861324 0.9863686912982174 0.0009131567948202912
60118.459030120124 4.4975000000000005 0.6755 0.9869827862714065 0.0007747493364085571 0.978357790333167 1.0081903240151022 0.9863708576386951 0.0006119286327113116
60118.459249574196 4.4975000000000005 0.6755 0.9875930368748695 0.0007748901931065601 0.9783597852032208 1.0081905341440511 0.9863730744290943 0.001219962445775269
60118.45946902828 4.4975000000000005 0.6755 0.9861020125850689 0.00077493664021265 0.978361830634066 1.0081907442730138 0.9863753421952672 -0.00027332961019832513
60118.45968848237 4.4975000000000005 0.6755 0.9875824204285104 0.0007755445682713204 0.9783639271605615 1.0081909544019767 0.9863776614764725 0.0012047589520378654
60118.45990793645 4.4975000000000005 0.6755 0.9851665874378882 0.0007752499883093903 0.9783660753316166 1.0081911645309325 0.9863800328261405 -0.0012134453882522989
60118.460127390535 4.4975000000000005 0.6755 0.9864972970533775 0.000774985376627305 0.9783682757105454 1.0081913746598952 0.9863824568122461 0.00011484024113139757
60118.460346844615 4.4975000000000005 0.6755 0.9856092214139383 0.0007742254640547218 0.9783705288747693 1.008191584788851 0.9863849340169599 -0.0007757126030216721
60118.4605662987 4.4975000000000005 0.6755 0.9870024386554115 0.0007750453590338195 0.9783728354166102 1.0081917949178139 0.9863874650375032 0.0006149736179082987
60118.46078575278 4.4975000000000005 0.6755 0.9866441898547377 0.0007754048863231939 0.9783751959429122 1.0081920050467696 0.9863900504857108 0.0002541393690268512
60118.46100520686 4.4975000000000005 0.6755 0.9869162512278339 0.0007757055936962156 0.978377611075797 1.0081922151757254 0.9863926909888422 0.0005235602389916938
60118.46122466095 4.4975000000000005 0.6755 0.9866674411582885 0.0007754394221686415 0.9783800814526759 1.0081924253046883 0.9863953871895718 0.0002720539687167678
60118.461444115026 4.4975000000000005 0.6755 0.9862189064408367 0.0007744061837217721 0.9783826077262353 1.0081926354336441 0.9863981397459544 -0.00017923330511770974
60118.46166356911 4.4975000000000005 0.6755 0.9873719228946328 0.0007747223312486198 0.9783851905652635 1.0081928455626068 0.9864009493323064 0.0009709735623264493
60118.46188302319 4.4975000000000005 0.6755 0.9866126309568943 0.0007751962518633382 0.9783878306542364 1.0081930556915626 0.9864038166387337 0.0002088143181606661
60118.46210247728 4.4975000000000005 0.6755 0.9862361403009909 0.0007752183023283082 0.9783905286942663 1.0081932658205255 0.986406742372143 -0.0001706020711520484
60118.46232193136 4.4975000000000005 0.6755 0.9868992726232139 0.0007754419585219816 0.978393285402676 1.0081934759494813 0.9864097272557568 0.0004895453674570449
60118.462541385445 4.4975000000000005 0.6755 0.9870066248025446 0.0007753326713991938 0.9783961015139947 1.008193686078444 0.9864127720301737 0.0005938527723708953
60118.46276083953 4.4975000000000005 0.6755 0.986896052994803 0.0007751132206210384 0.9783989777796154 1.0081938962074068 0.9864158774529745 0.0004801755418284426
60118.4629802936 4.4975000000000005 0.6755 0.9853459868234514 0.0007743392821359914 0.9784019149682619 1.0081941063363555 0.9864190442992057 -0.0010730574757542577
60118.4631997477 4.4975000000000005 0.6755 0.9861582668274029 0.0007747602543471789 0.9784049138670909 1.0081943164653253 0.9864222733625473 -0.00026400653514435657
60118.46341920177 4.4975000000000005 0.6755 0.9878170570078331 0.0007755742655159698 0.978407975280241 1.0081945265942742 0.986425565453725 0.0013914915541081152
60118.463638655856 4.4975000000000005 0.6755 0.9876929453982658 0.0007755706823675997 0.9784111000313495 1.008194736723237 0.9864289214031989 0.0012640239950668652
60118.46385810994 4.4975000000000005 0.6755 0.9873910868414512 0.0007756451787339886 0.9784142889620875 1.0081949468521998 0.9864323420595646 0.0009587447818865114
60118.46407756402 4.4975000000000005 0.6755 0.986485815301968 0.0007768605556930723 0.9784175429333113 1.0081951569811556 0.9864358282907663 4.998701120173532e-05
60118.46429701811 4.4975000000000005 0.6755 0.9865571702135232 0.0007750254945105693 0.9784208628256582 1.0081953671101185 0.9864393809847134 0.00011778922880978371
60118.46451647219 4.4975000000000005 0.6755 0.9862429839904533 0.0007754997486270722 0.9784242495391622 1.0081955772390743 0.9864430010488436 -0.0002000170583903449
60118.464735926274 4.4975000000000005 0.6755 0.9851736807570147 0.0007744297227818817 0.9784277039945234 1.008195787368037 0.9864466894114591 -0.001273008654444352
60118.464955380354 4.4975000000000005 0.6755 0.986418224488472 0.0007754382668542658 0.9784312271326118 1.0081959974969927 0.9864504470211702 -3.222253269818953e-05
60118.46517483443 4.4975000000000005 0.6755 0.9861251378951905 0.0007740634956949186 0.9784348199156766 1.0081962076259485 0.9864542748481631 -0.00032913695297254186
60118.46539428852 4.4975000000000005 0.6755 0.9863387944860124 0.0007751271546836968 0.9784384833274433 1.0081964177549114 0.986458173884277 -0.00011937939826467403
60118.4656137426 4.4975000000000005 0.6755 0.9862002690604621 0.0007744622886378284 0.9784422183731811 1.0081966278838672 0.9864621451430516 -0.00026187608258954054
60118.465833196686 4.4975000000000005 0.6755 0.9864551035618595 0.0007763059722929784 0.9784460260810168 1.0081968380128299 0.9864661896611 -1.1086099240498193e-05
60118.466052650765 4.4975000000000005 0.6755 0.9868679184977637 0.0007745259744340188 0.9784499075014175 1.0081970481417857 0.9864703084975324 0.00039761000023130766
60118.466272104844 4.4975000000000005 0.6755 0.9869536765135383 0.0007746703304405858 0.9784538637085568 1.0081972582707415 0.9864745027353807 0.0004791737781575378
60118.46649155893 4.4975000000000005 0.6755 0.9864265703931607 0.0007756962451949117 0.9784578958004548 1.0081974683997044 0.9864787734817203 -5.2203088559577004e-05
60118.46671101302 4.4975000000000005 0.6755 0.9881670443441046 0.0007758127772238051 0.9784620048992251 1.008197678528667 0.986483121867904 0.0016839224762006388
60118.4669304671 4.4975000000000005 0.6755 0.9879769198948768 0.0007755023451734709 0.9784661921518709 1.0081978886576228 0.9864875490503802 0.0014893708444966292
60118.467149921176 4.4975000000000005 0.6755 0.9864145246691053 0.0007751507756537894 0.9784704587311308 1.0081980987865788 0.9864920562115578 -7.753154245249139e-05
60118.46736937526 4.4975000000000005 0.6755 0.9860204291023575 0.0007750644070363786 0.9784748058357927 1.0081983089155415 0.9864966445601091 -0.00047621545775156093
60118.46758882934 4.4975000000000005 0.6755 0.9870940296552976 0.0007749253647083885 0.9784792346908501 1.0081985190444973 0.9865013153311082 0.0005927143241893917
60118.46780828343 4.4975000000000005 0.6755 0.9870339844610626 0.0007751881372316184 0.9784837465491382 1.0081987291734602 0.9865060697877273 0.0005279146733353501
60118.46802773751 4.4975000000000005 0.6755 0.9866174377259559 0.0007753632187322025 0.9784883426908008 1.008198939302416 0.9865109092206442 0.00010652850531167601
60118.468247191595 4.4975000000000005 0.6755 0.9860166080153244 0.0007750994483692424 0.9784930244251543 1.0081991494313787 0.9865158349499777 -0.0004992269346533185
60118.468466645674 4.4975000000000005 0.6755 0.9865139933719792 0.0007751702046326575 0.9784977930901565 1.0081993595603345 0.9865208483246964 -6.854952717239016e-06
60118.46868609975 4.4975000000000005 0.6755 "" "" 0.9785026500542003 1.0081995696892903 0.9865259507244749 ""
60118.46890555385 4.4975000000000005 0.6755 0.9867887123873545 0.0007749717397789844 0.9785075967165682 1.00819977981826 0.9865311435601388 0.00025756882721572616
60118.46912500792 4.4975000000000005 0.6755 0.986662341803082 0.0007745549928685457 0.9785126345068647 1.008199989947209 0.9865364282730379 0.00012591353004409722
60118.469344462006 4.4975000000000005 0.6755 0.9870296974936279 0.0007762607198248448 0.9785177648886237 1.0082002000761716 0.9865418063387987 0.00048789115482916756
60118.469563916085 4.4975000000000005 0.6755 0.9868151247986322 0.0007752339852093045 0.978522989357142 1.0082004102051274 0.9865472792650181 0.00026784553361414165
60118.469783370165 4.4975000000000005 0.6755 0.9865326992812122 0.0007749152499304028 0.9785283094423445 1.0082006203340834 0.9865528485942336 -2.014931302141143e-05
60118.47000282425 4.4975000000000005 0.6755 0.9873042110540265 0.0007749680847409349 0.9785337267090111 1.008200830463046 0.9865585159041244 0.0007456951499021924
60118.47022227833 4.4975000000000005 0.6755 0.9865572229702727 0.0007762355448458163 0.9785392427571453 1.0082010405920019 0.9865642828078635 -7.059837590750462e-06
60118.47044173242 4.4975000000000005 0.6755 0.9865829572690025 0.0007733541358871307 0.9785448592241967 1.0082012507209648 0.9865701509564054 1.2806312597035685e-05
60118.4706611865 4.4975000000000005 0.6755 0.9878950017301286 0.0007750763794291045 0.9785505777845894 1.0082014608499206 0.9865761220379569 0.0013188796921717039
60118.47088064058 4.4975000000000005 0.6755 0.9867197544434635 0.000774589069983826 0.9785564001522469 1.0082016709788832 0.986582197780576 0.0001375566628875058
60118.47110009466 4.4975000000000005 0.6755 0.9890290172038931 0.00077490096306453 0.9785623280801454 1.008201881107839 0.9865883799516689 0.0024406372522242092
60118.47131954874 4.4975000000000005 0.6755 0.9864810228463726 0.0007743368371038505 0.9785683633627728 1.0082020912367948 0.9865946703605152 -0.00011364751414255636
60118.47153900283 4.4975000000000005 0.6755 0.9866733766451452 0.0007760505488785046 0.9785745078367238 1.0082023013657577 0.9866010708588487 7.230578629646711e-05
60118.47175845691 4.4975000000000005 0.6755 0.987550262408531 0.0007742696304215179 0.9785807633812799 1.0082025114947135 0.9866075833414203 0.0009426790671107632
60118.47197791099 4.4975000000000005 0.6755 0.9871301007349832 0.0007751277274344461 0.9785871319208851 1.0082027216236693 0.9866142097485371 0.0005158909864461103
60118.472197365074 4.4975000000000005 0.6755 0.9871948636114952 0.0007760514953500459 0.978593615425859 1.008202931752632 0.9866209520667587 0.0005739115447365162
