LC/1224/4o3/nrs2/results/S5_wasp-107b_ap5_bg10_Table_Save_white.txt
# %ECSV 1.0
# ---
# datatype:
# - {name: time, datatype: float64}
# - {name: wavelength, datatype: float64}
# - {name: bin_width, datatype: float64}
# - {name: lcdata, datatype: float64}
# - {name: lcerr, datatype: float64}
# - {name: transit, datatype: float64}
# - {name: polynom, datatype: float64}
# - {name: model, datatype: float64}
# - {name: residuals, datatype: float64}
# schema: astropy-2.0
time wavelength bin_width lcdata lcerr transit polynom model residuals
60118.292025558876 4.4975000000000005 0.6755 1.0088541938596758 0.0007835781273714037 1.0 1.0080278178465198 1.0080278178465198 0.0008263760131559383
60118.29224501297 4.4975000000000005 0.6755 1.0074059482534876 0.0007834777908154901 1.0 1.0080280233792867 1.0080280233792867 -0.0006220751257990376
60118.29246446706 4.4975000000000005 0.6755 1.0070183264911605 0.0007821023758256063 1.0 1.0080282289120468 1.0080282289120468 -0.0010099024208862772
60118.29268392116 4.4975000000000005 0.6755 1.007385022475116 0.0007832841741904469 1.0 1.0080284344448207 1.0080284344448207 -0.0006434119697047436
60118.292903375244 4.4975000000000005 0.6755 1.0070130837349027 0.0007822280833121487 1.0 1.0080286399775806 1.0080286399775806 -0.0010155562426779063
60118.29312282934 4.4975000000000005 0.6755 1.0072278926455016 0.0007835112642388424 1.0 1.0080288455103477 1.0080288455103477 -0.0008009528648460496
60118.29334228344 4.4975000000000005 0.6755 1.0088320225284024 0.0007841236164219734 1.0 1.0080290510431213 1.0080290510431213 0.0008029714852810788
60118.29356173753 4.4975000000000005 0.6755 1.0078959998950547 0.0007825908179681497 1.0 1.0080292565758884 1.0080292565758884 -0.00013325668083363773
60118.29378119163 4.4975000000000005 0.6755 1.009265435569147 0.0007833554048438811 1.0 1.0080294621086552 1.0080294621086552 0.0012359734604918682
60118.294000645714 4.4975000000000005 0.6755 1.0074984219163436 0.0007829743139339518 1.0 1.0080296676414153 1.0080296676414153 -0.0005312457250716829
60118.294220099815 4.4975000000000005 0.6755 1.0073795893176773 0.0007835718325615307 1.0 1.008029873174189 1.008029873174189 -0.0006502838565116686
60118.2944395539 4.4975000000000005 0.6755 1.008962229212919 0.0007835076781098327 1.0 1.0080300787069492 1.0080300787069492 0.0009321505059698421
60118.294659007996 4.4975000000000005 0.6755 1.0081442593608214 0.000783538278068033 1.0 1.0080302842397162 1.0080302842397162 0.00011397512110522534
60118.29487846209 4.4975000000000005 0.6755 1.0073128110392393 0.0007836730601613208 1.0 1.008030489772483 1.008030489772483 -0.0007176787332436874
60118.29509791618 4.4975000000000005 0.6755 1.0074974556947427 0.0007826859769223533 1.0 1.00803069530525 1.00803069530525 -0.00053323961050733
60118.295317370284 4.4975000000000005 0.6755 1.008030799485426 0.0007838833219015586 1.0 1.0080309008380237 1.0080309008380237 -1.0135259764787463e-07
60118.29553682437 4.4975000000000005 0.6755 1.0080301792424726 0.00078251312933048 1.0 1.0080311063707839 1.0080311063707839 -9.271283112344264e-07
60118.29575627847 4.4975000000000005 0.6755 1.0087280600094275 0.0007831229517060653 1.0 1.0080313119035575 1.0080313119035575 0.0006967481058699487
60118.29597573256 4.4975000000000005 0.6755 1.0078131558038876 0.000783069828499352 1.0 1.0080315174363177 1.0080315174363177 -0.00021836163243005302
60118.29619518665 4.4975000000000005 0.6755 1.0081047955148823 0.000783255740091451 1.0 1.0080317229690847 1.0080317229690847 7.307254579758116e-05
60118.29641464075 4.4975000000000005 0.6755 1.006543317397368 0.0007830081021344285 1.0 1.0080319285018515 1.0080319285018515 -0.001488611104483617
60118.29663409483 4.4975000000000005 0.6755 1.0084682556913094 0.0007832652760167842 1.0 1.0080321340346117 1.0080321340346117 0.00043612165669770775
60118.296853548934 4.4975000000000005 0.6755 1.0073278179911844 0.0007834653621170146 1.0 1.0080323395673856 1.0080323395673856 -0.0007045215762011559
60118.29707300302 4.4975000000000005 0.6755 1.0064950107198563 0.0007831054901303292 1.0 1.0080325451001455 1.0080325451001455 -0.0015375343802892516
60118.297292457115 4.4975000000000005 0.6755 1.0085093161333596 0.0007839439069652021 1.0 1.0080327506329125 1.0080327506329125 0.00047656550044705703
60118.297511911216 4.4975000000000005 0.6755 1.0077170964499593 0.0007834820638180383 1.0 1.0080329561656862 1.0080329561656862 -0.0003158597157268961
60118.29773136531 4.4975000000000005 0.6755 1.0087427716624 0.0007827163076280151 1.0 1.0080331616984533 1.0080331616984533 0.0007096099639467557
60118.297950819404 4.4975000000000005 0.6755 1.007076268981391 0.0007822192937797078 1.0 1.00803336723122 1.00803336723122 -0.0009570982498290359
60118.29817027349 4.4975000000000005 0.6755 1.0068080080163146 0.0007829926317972132 1.0 1.0080335727639802 1.0080335727639802 -0.001225564747665553
60118.29838972759 4.4975000000000005 0.6755 1.0069865889592875 0.0007830767349802167 1.0 1.0080337782967541 1.0080337782967541 -0.0010471893374666141
60118.29860918168 4.4975000000000005 0.6755 1.0073566247825172 0.0007829773736696024 1.0 1.008033983829514 1.008033983829514 -0.0006773590469968394
60118.29882863577 4.4975000000000005 0.6755 1.0084508398498495 0.0007840555963292758 1.0 1.008034189362281 1.008034189362281 0.00041665048756844847
60118.299048089866 4.4975000000000005 0.6755 1.0068576766765447 0.0007832897716855005 1.0 1.008034394895048 1.008034394895048 -0.001176718218503403
60118.29926754396 4.4975000000000005 0.6755 1.0086644962518043 0.0007831563589163327 1.0 1.008034600427815 1.008034600427815 0.0006298958239894237
60118.299486998054 4.4975000000000005 0.6755 1.007571752550563 0.0007835661431290475 1.0 1.008034805960582 1.008034805960582 -0.0004630534100189543
60118.29970645214 4.4975000000000005 0.6755 1.0086896613612186 0.0007839305892586302 1.0 1.008035011493342 1.008035011493342 0.0006546498678765555
60118.29992590624 4.4975000000000005 0.6755 1.008856367096763 0.0007835988007430849 1.0 1.0080352170261158 1.0080352170261158 0.000821150070647203
60118.30014536033 4.4975000000000005 0.6755 1.0081619587780666 0.0007830684875886565 1.0 1.008035422558876 1.008035422558876 0.00012653621919067604
60118.30036481442 4.4975000000000005 0.6755 1.0080005424250986 0.000783745246444905 1.0 1.0080356280916427 1.0080356280916427 -3.508566654408796e-05
60118.30058426852 4.4975000000000005 0.6755 1.0090490302249537 0.0007835203214714372 1.0 1.0080358336244164 1.0080358336244164 0.001013196600537336
60118.30080372261 4.4975000000000005 0.6755 1.0081636024776934 0.0007835087985385026 1.0 1.0080360391571765 1.0080360391571765 0.000127563320516888
60118.30102317671 4.4975000000000005 0.6755 1.0070007563885557 0.000782680573054506 1.0 1.0080362446899505 1.0080362446899505 -0.0010354883013947713
60118.3012426308 4.4975000000000005 0.6755 1.0074090181312452 0.0007832222698999499 1.0 1.0080364502227104 1.0080364502227104 -0.0006274320914652076
60118.30146208489 4.4975000000000005 0.6755 1.0096654792242097 0.0007829233704508588 1.0 1.0080366557554774 1.0080366557554774 0.0016288234687322767
60118.301681538986 4.4975000000000005 0.6755 1.0084059134627752 0.0007835941636851185 1.0 1.0080368612882444 1.0080368612882444 0.00036905217453075956
60118.30190099308 4.4975000000000005 0.6755 1.0075396169833055 0.0007822459980058003 1.0 1.0080370668210112 1.0080370668210112 -0.0004974498377057213
60118.30212044717 4.4975000000000005 0.6755 1.0079410219434228 0.0007833635442833108 1.0 1.0080372723537783 1.0080372723537783 -9.625041035543624e-05
60118.30233990126 4.4975000000000005 0.6755 1.0077484863882817 0.0007823846669232473 1.0 1.0080374778865384 1.0080374778865384 -0.00028899149825667436
60118.30255935536 4.4975000000000005 0.6755 1.0085534340410351 0.000784533563777089 1.0 1.008037683419312 1.008037683419312 0.0005157506217230434
60118.30277880945 4.4975000000000005 0.6755 1.0066367992972443 0.0007814806229804692 1.0 1.0080378889520722 1.0080378889520722 -0.0014010896548279916
60118.30299826354 4.4975000000000005 0.6755 1.0077030271537415 0.0007835538719738257 1.0 1.008038094484839 1.008038094484839 -0.0003350673310975605
60118.303217717636 4.4975000000000005 0.6755 1.0098685662107492 0.0007842020569221336 1.0 1.008038300017606 1.008038300017606 0.001830266193143082
60118.30343717173 4.4975000000000005 0.6755 1.0091126030979214 0.0007833700637270471 1.0 1.0080385055503729 1.0080385055503729 0.0010740975475485026
60118.30365662582 4.4975000000000005 0.6755 1.009127282979714 0.0007829820787391515 1.0 1.00803871108314 1.00803871108314 0.0010885718965740754
60118.30387607991 4.4975000000000005 0.6755 1.0094275123292904 0.0007842361973431559 1.0 1.0080389166159 1.0080389166159 0.0013885957133903393
60118.30409553401 4.4975000000000005 0.6755 1.0074392738425844 0.000783468676407789 1.0 1.0080391221486737 1.0080391221486737 -0.00059984830608939
60118.3043149881 4.4975000000000005 0.6755 1.0075935752079803 0.0007828233773421766 1.0 1.008039327681434 1.008039327681434 -0.0004457524734535756
60118.30453444219 4.4975000000000005 0.6755 1.0075862531119324 0.00078311993745185 1.0 1.008039533214201 1.008039533214201 -0.00045328010226852733
60118.304753896286 4.4975000000000005 0.6755 1.007619005683586 0.0007836003601626928 1.0 1.0080397387469677 1.0080397387469677 -0.00042073306338163974
60118.30497335037 4.4975000000000005 0.6755 1.0063665700884754 0.000783539832148929 1.0 1.0080399442797279 1.0080399442797279 -0.0016733741912524636
60118.30519280447 4.4975000000000005 0.6755 1.0077307863668112 0.0007831530583098501 1.0 1.0080401498125016 1.0080401498125016 -0.0003093634456903249
60118.30541225856 4.4975000000000005 0.6755 1.0077408613159269 0.0007827369612974236 1.0 1.0080403553452617 1.0080403553452617 -0.0002994940293348236
60118.305631712654 4.4975000000000005 0.6755 1.007781048819952 0.0007814343462566574 1.0 1.0080405608780287 1.0080405608780287 -0.0002595120580768384
60118.30585116675 4.4975000000000005 0.6755 1.006794242494954 0.0007829713073116793 1.0 1.0080407664107955 1.0080407664107955 -0.0012465239158414576
60118.30607062084 4.4975000000000005 0.6755 1.0079929040544846 0.000783664473418736 1.0 1.0080409719435626 1.0080409719435626 -4.806788907796289e-05
60118.306290074936 4.4975000000000005 0.6755 1.0087072285182885 0.0007847469601810384 1.0 1.0080411774763294 1.0080411774763294 0.0006660510419591592
60118.30650952902 4.4975000000000005 0.6755 1.0092619111737988 0.0007836630695106374 1.0 1.0080413830090895 1.0080413830090895 0.0012205281647093003
60118.30672898312 4.4975000000000005 0.6755 1.0085600533227232 0.0007839921639374406 1.0 1.0080415885418634 1.0080415885418634 0.0005184647808598175
60118.30694843721 4.4975000000000005 0.6755 1.0072433181959874 0.0007836585453115478 1.0 1.0080417940746234 1.0080417940746234 -0.000798475878635907
60118.307167891304 4.4975000000000005 0.6755 1.007871014427788 0.000783506397790728 1.0 1.0080419996073904 1.0080419996073904 -0.00017098517960234538
60118.3073873454 4.4975000000000005 0.6755 1.0080129606630657 0.0007838061859631639 1.0 1.0080422051401574 1.0080422051401574 -2.924447709173883e-05
60118.30760679949 4.4975000000000005 0.6755 1.0090801439248755 0.0007841942511499518 1.0 1.0080424106729242 1.0080424106729242 0.0010377332519513338
60118.307826253586 4.4975000000000005 0.6755 1.0082820393934946 0.0007836340064821355 1.0 1.0080426162056912 1.0080426162056912 0.00023942318780334482
60118.30804570767 4.4975000000000005 0.6755 1.0078181714283425 0.0007838236689803788 1.0 1.0080428217384514 1.0080428217384514 -0.00022465031010887593
60118.30826516177 4.4975000000000005 0.6755 1.007412680431078 0.0007836303418113528 1.0 1.008043027271225 1.008043027271225 -0.0006303468401471779
60118.30848461586 4.4975000000000005 0.6755 1.0085419176215913 0.0007840119843425743 1.0 1.0080432328039852 1.0080432328039852 0.0004986848176060654
60118.308704069954 4.4975000000000005 0.6755 1.0082175041987 0.0007834913476870771 1.0 1.008043438336752 1.008043438336752 0.000174065861948014
60118.30892352405 4.4975000000000005 0.6755 1.008747490445615 0.0007839709922040386 1.0 1.008043643869519 1.008043643869519 0.0007038465760960122
60118.309142978134 4.4975000000000005 0.6755 1.0081824626390241 0.0007835482044558371 1.0 1.0080438494022792 1.0080438494022792 0.0001386132367449111
60118.309362432236 4.4975000000000005 0.6755 1.008691849867814 0.0007836706848970778 1.0 1.008044054935053 1.008044054935053 0.0006477949327610144
60118.30958188632 4.4975000000000005 0.6755 1.0084898924399972 0.0007825823177525901 1.0 1.008044260467813 1.008044260467813 0.0004456319721841684
60118.309801340416 4.4975000000000005 0.6755 1.00748736806134 0.000783599775795375 1.0 1.0080444660005798 1.0080444660005798 -0.0005570979392397479
60118.31002079451 4.4975000000000005 0.6755 1.0078817461172083 0.0007823049516509271 1.0 1.0080446715333469 1.0080446715333469 -0.000162925416138604
60118.310240248604 4.4975000000000005 0.6755 1.0091281436919082 0.00078335101513462 1.0 1.008044877066114 1.008044877066114 0.001083266625794277
60118.3104597027 4.4975000000000005 0.6755 1.0075178921140506 0.0007823453458993478 1.0 1.0080450825988807 1.0080450825988807 -0.0005271904848300757
60118.310679156784 4.4975000000000005 0.6755 1.0079912335945393 0.000783465864670756 1.0 1.0080452881316408 1.0080452881316408 -5.405453710149999e-05
60118.310898610885 4.4975000000000005 0.6755 1.007045009683326 0.0007834270842319742 1.0 1.0080454936644145 1.0080454936644145 -0.0010004839810884292
60118.31111806497 4.4975000000000005 0.6755 1.0073766724963684 0.0007827214725272092 1.0 1.0080456991971747 1.0080456991971747 -0.0006690267008062634
60118.311337519066 4.4975000000000005 0.6755 1.0085541230058805 0.0007835046173106352 1.0 1.0080459047299417 1.0080459047299417 0.0005082182759388321
60118.31155697316 4.4975000000000005 0.6755 1.0092490857960377 0.0007840091785409599 1.0 1.0080461102627085 1.0080461102627085 0.0012029755333291536
60118.311776427254 4.4975000000000005 0.6755 1.008417302051602 0.0007836349457863513 1.0 1.0080463157954755 1.0080463157954755 0.00037098625612652647
60118.31199588135 4.4975000000000005 0.6755 1.0083446194747663 0.0007831477386480616 1.0 1.0080465213282424 1.0080465213282424 0.0002980981465239285
60118.312215335434 4.4975000000000005 0.6755 1.0082189888400728 0.0007829295029202159 1.0 1.0080467268610025 1.0080467268610025 0.00017226197907027618
60118.312434789535 4.4975000000000005 0.6755 1.009483880613915 0.0007824537824705489 1.0 1.0080469323937762 1.0080469323937762 0.001436948220138845
60118.31265424362 4.4975000000000005 0.6755 1.0087407011845395 0.000783784213159828 1.0 1.0080471379265363 1.0080471379265363 0.0006935632580031825
60118.312873697716 4.4975000000000005 0.6755 1.00812964081333 0.000784041654014097 1.0 1.0080473434593034 1.0080473434593034 8.229735402665028e-05
60118.31309315181 4.4975000000000005 0.6755 1.00848157187543 0.0007835778461049358 1.0 1.0080475489920702 1.0080475489920702 0.0004340228833599191
60118.3133126059 4.4975000000000005 0.6755 1.0071702297865175 0.0007829804077875765 1.0 1.0080477545248303 1.0080477545248303 -0.0008775247383128182
60118.31353206 4.4975000000000005 0.6755 1.0083254430987696 0.0007834201365325924 1.0 1.0080479600576042 1.0080479600576042 0.0002774830411653717
60118.313751514084 4.4975000000000005 0.6755 1.0081457696400264 0.0007840253510503702 1.0 1.0080481655903641 1.0080481655903641 9.760404966230318e-05
60118.31397096818 4.4975000000000005 0.6755 1.0079282872257693 0.0007830108640852612 1.0 1.0080483711231312 1.0080483711231312 -0.00012008389736184455
60118.314190422265 4.4975000000000005 0.6755 1.0072297189257733 0.0007827348682666809 1.0 1.0080485766558913 1.0080485766558913 -0.0008188577301180278
60118.31440987636 4.4975000000000005 0.6755 1.0099571183071487 0.0007832900334196422 1.0 1.0080487821886581 1.0080487821886581 0.0019083361184906167
60118.31462933045 4.4975000000000005 0.6755 1.007070082152754 0.0007820727549185458 1.0 1.0080489877214251 1.0080489877214251 -0.0009789055686710846
60118.31484878454 4.4975000000000005 0.6755 1.0077662361242368 0.0007837537331569025 1.0 1.0080491932541853 1.0080491932541853 -0.0002829571299485245
60118.31506823864 4.4975000000000005 0.6755 1.0078930384768146 0.0007828970578957405 1.0 1.008049398786959 1.008049398786959 -0.0001563603101444322
60118.31528769273 4.4975000000000005 0.6755 1.0085207463886021 0.0007832177388119483 1.0 1.0080496043197191 1.0080496043197191 0.00047114206888299037
