TTV/wasp-107b/2/S5_wasp-107b_ap4_bg10_Table_Save_ch0.txt
# %ECSV 1.0
# ---
# datatype:
# - {name: time, datatype: float64}
# - {name: wavelength, datatype: float64}
# - {name: bin_width, datatype: float64}
# - {name: lcdata, datatype: float64}
# - {name: lcerr, datatype: float64}
# - {name: transit, datatype: float64}
# - {name: polynom, datatype: float64}
# - {name: model, datatype: float64}
# - {name: residuals, datatype: float64}
# schema: astropy-2.0
time wavelength bin_width lcdata lcerr transit polynom model residuals
[from data line 1095]
59963.88258732095 9.0 3.0 1.0072084874134264 0.00043702644264148095 1.0 1.0066589245982123 1.0066589245982123 0.0005495628152141219
59963.882662800344 9.0 3.0 1.006386138094457 0.00043693834445718684 1.0 1.0066589728101736 1.0066589728101736 -0.0002728347157165967
59963.882738279746 9.0 3.0 1.0062473823544724 0.0004367844249564475 1.0 1.0066590210221396 1.0066590210221396 -0.00041163866766713575
59963.88281375914 9.0 3.0 1.0068148162348722 0.0004369444224162616 1.0 1.0066590692341009 1.0066590692341009 0.00015574700077136683
59963.88288923855 9.0 3.0 1.0069090102362352 0.0004370261566341101 1.0 1.0066591174460715 1.0066591174460715 0.00024989279016374155
59963.88296471795 9.0 3.0 1.0072423168884062 0.0004370375940019451 1.0 1.0066591656580375 1.0066591656580375 0.0005831512303686726
59963.88304019735 9.0 3.0 1.0064524488114557 0.0004369131702663562 1.0 1.0066592138699988 1.0066592138699988 -0.00020676505854311245
59963.88311567674 9.0 3.0 1.006501241132144 0.000436831802130561 1.0 1.0066592620819603 1.0066592620819603 -0.00015802094981642867
59963.88319115616 9.0 3.0 1.0069134614843998 0.0004367950049973732 1.0 1.0066593102939354 1.0066593102939354 0.00025415119046434675
59963.88326663555 9.0 3.0 1.0067134293554134 0.0004369731576301573 1.0 1.006659358505897 1.006659358505897 5.407084951647434e-05
59963.88334211495 9.0 3.0 1.0064448287017553 0.00043683661666782587 1.0 1.0066594067178583 1.0066594067178583 -0.0002145780161029176
59963.88341759435 9.0 3.0 1.0063748766094145 0.0004368685023993044 1.0 1.0066594549298242 1.0066594549298242 -0.0002845783204097341
59963.88349307376 9.0 3.0 1.0061063529674923 0.00043674537907638285 1.0 1.0066595031417949 1.0066595031417949 -0.0005531501743025746
59963.88356855315 9.0 3.0 1.0063242369143877 0.000436845728670284 1.0 1.0066595513537562 1.0066595513537562 -0.000335314439368517
59963.883644032554 9.0 3.0 1.0067375081882237 0.00043692246271789396 1.0 1.0066595995657222 1.0066595995657222 7.790862250156572e-05
59963.883719511956 9.0 3.0 1.0064017969850088 0.00043677119018996775 1.0 1.0066596477776881 1.0066596477776881 -0.0002578507926793705
59963.88379499136 9.0 3.0 1.0072285735885054 0.00043696796317107785 1.0 1.0066596959896543 1.0066596959896543 0.0005688775988510475
59963.88387047076 9.0 3.0 1.0066953956347682 0.0004368502580559206 1.0 1.0066597442016203 1.0066597442016203 3.565143314787633e-05
59963.883945950154 9.0 3.0 1.0065906871196573 0.00043676917150173804 1.0 1.0066597924135816 1.0066597924135816 -6.910529392434306e-05
59963.88402142957 9.0 3.0 1.006037208977363 0.0004368266425849682 1.0 1.006659840625557 1.006659840625557 -0.0006226316481938721
59963.884096908965 9.0 3.0 1.0066399467329934 0.00043687748404033354 1.0 1.0066598888375182 1.0066598888375182 -1.9942104524828252e-05
59963.88417238836 9.0 3.0 1.0059999584452277 0.00043669583608512536 1.0 1.0066599370494795 1.0066599370494795 -0.0006599786042518208
59963.88424786776 9.0 3.0 1.0062032214237402 0.00043679226104948284 1.0 1.0066599852614455 1.0066599852614455 -0.0004567638377053207
59963.88432334717 9.0 3.0 1.006908340872091 0.0004369827289465935 1.0 1.0066600334734161 1.0066600334734161 0.00024830739867476304
59963.884398826565 9.0 3.0 1.0064776128881745 0.0004370036318733343 1.0 1.0066600816853775 1.0066600816853775 -0.0001824687972029615
59963.88447430597 9.0 3.0 1.0072865459701235 0.0004370294989203377 1.0 1.0066601298973437 1.0066601298973437 0.0006264160727798007
59963.88454978536 9.0 3.0 1.006461799223519 0.00043678636892496457 1.0 1.006660178109305 1.006660178109305 -0.00019837888578599916
59963.88462526477 9.0 3.0 1.0065891218801741 0.00043680818961015154 1.0 1.0066602263212756 1.0066602263212756 -7.110444110147718e-05
59963.88470074417 9.0 3.0 1.0065997378148437 0.00043696902967464636 1.0 1.0066602745332416 1.0066602745332416 -6.053671839789665e-05
59963.88477622357 9.0 3.0 1.0070564407826472 0.00043703539416549463 1.0 1.006660322745203 1.006660322745203 0.0003961180374443263
59963.88485170296 9.0 3.0 1.0062948569723764 0.0004368842708051515 1.0 1.0066603709571642 1.0066603709571642 -0.00036551398478779085
59963.88492718238 9.0 3.0 1.0060160461551115 0.0004366966084177786 1.0 1.0066604191691395 1.0066604191691395 -0.0006443730140279769
59963.88500266177 9.0 3.0 1.006581676268456 0.00043696386404967275 1.0 1.0066604673811008 1.0066604673811008 -7.879111264474936e-05
59963.88507814117 9.0 3.0 1.0063267978982209 0.00043688206724976254 1.0 1.0066605155930624 1.0066605155930624 -0.0003337176948414733
59963.88515362057 9.0 3.0 1.0069623166071726 0.00043690063530968897 1.0 1.0066605638050283 1.0066605638050283 0.0003017528021442839
59963.88522909998 9.0 3.0 1.006606082118985 0.0004368976672841248 1.0 1.006660612016999 1.006660612016999 -5.452989801391084e-05
59963.88530457937 9.0 3.0 1.0058151951329086 0.0004366984909931363 1.0 1.0066606602289603 1.0066606602289603 -0.0008454650960516563
59963.885380058775 9.0 3.0 1.0062774150555258 0.00043682774113936276 1.0 1.0066607084409263 1.0066607084409263 -0.00038329338540044056
59963.88545553818 9.0 3.0 1.0070580189813114 0.0004369914947667918 1.0 1.0066607566528922 1.0066607566528922 0.00039726232841919007
59963.88553101758 9.0 3.0 1.0069520972492891 0.00043704968581545354 1.0 1.0066608048648582 1.0066608048648582 0.0002912923844309301
59963.88560649698 9.0 3.0 1.0065528559260035 0.00043686266417095195 1.0 1.0066608530768242 1.0066608530768242 -0.00010799715082066008
59963.885681976375 9.0 3.0 1.0065190217744082 0.0004368454155611329 1.0 1.0066609012887857 1.0066609012887857 -0.00014187951437749646
59963.885757455784 9.0 3.0 1.0065127837012853 0.00043693736790848843 1.0 1.0066609495007564 1.0066609495007564 -0.00014816579947107833
59963.885832935186 9.0 3.0 1.006990050996723 0.00043673555905402735 1.0 1.0066609977127223 1.0066609977127223 0.0003290532840005689
59963.88590841458 9.0 3.0 1.0073090878850395 0.0004371006732367898 1.0 1.0066610459246836 1.0066610459246836 0.0006480419603558385
59963.885983893975 9.0 3.0 1.0069300645925285 0.00043679500818874587 1.0 1.006661094136645 1.006661094136645 0.00026897045588358814
59963.88605937339 9.0 3.0 1.0060186269043432 0.00043691576475401257 1.0 1.0066611423486203 1.0066611423486203 -0.0006425154442770697
59963.886134852786 9.0 3.0 1.0066414096570324 0.0004369314622104187 1.0 1.0066611905605816 1.0066611905605816 -1.9780903549149187e-05
59963.88621033218 9.0 3.0 1.00649327128586 0.00043679964204208945 1.0 1.0066612387725429 1.0066612387725429 -0.00016796748668279626
59963.88628581158 9.0 3.0 1.0062550124011467 0.0004368839174359277 1.0 1.006661286984509 1.006661286984509 -0.0004062745833623982
59963.88636129099 9.0 3.0 1.0071999144515198 0.00043704379494260764 1.0 1.0066613351964797 1.0066613351964797 0.0005385792550400836
59963.886436770386 9.0 3.0 1.0060613203993576 0.00043687561459300906 1.0 1.006661383408441 1.006661383408441 -0.0006000630090834402
59963.88651224979 9.0 3.0 1.0070190557936833 0.0004369691430485344 1.0 1.006661431620407 1.006661431620407 0.00035762417327633855
59963.88658772918 9.0 3.0 1.0067713869109007 0.0004371001880495864 1.0 1.0066614798323683 1.0066614798323683 0.00010990707853242299
59963.88666320859 9.0 3.0 1.0062905191134623 0.0004366673903148378 1.0 1.006661528044339 1.006661528044339 -0.000371008930876604
59963.886738687994 9.0 3.0 1.007611504071756 0.0004371689827565526 1.0 1.006661576256305 1.006661576256305 0.0009499278154510016
59963.88681416739 9.0 3.0 1.0066072972585012 0.00043681329217178165 1.0 1.0066616244682662 1.0066616244682662 -5.432720976505934e-05
59963.88688964678 9.0 3.0 1.0074977741755453 0.0004370320998585225 1.0 1.0066616726802278 1.0066616726802278 0.0008361014953175427
59963.8869651262 9.0 3.0 1.0066854407571044 0.00043700457497078784 1.0 1.006661720892203 1.006661720892203 2.3719864901350363e-05
59963.887040605594 9.0 3.0 1.0060133909646982 0.0004367351048700165 1.0 1.0066617691041644 1.0066617691041644 -0.0006483781394661658
59963.88711608499 9.0 3.0 1.006980319739116 0.00043688537381696515 1.0 1.0066618173161257 1.0066618173161257 0.00031850242299036324
59963.8871915644 9.0 3.0 1.006982693868299 0.00043698165494562076 1.0 1.0066618655280963 1.0066618655280963 0.0003208283402027501
59963.8872670438 9.0 3.0 1.006936244928011 0.0004369792071596135 1.0 1.0066619137400623 1.0066619137400623 0.0002743311879487287
59963.887342523194 9.0 3.0 1.0065372134173804 0.000436902147554024 1.0 1.0066619619520236 1.0066619619520236 -0.00012474853464317093
59963.887418002596 9.0 3.0 1.0067214977692154 0.00043689504825508105 1.0 1.0066620101639896 1.0066620101639896 5.948760522578311e-05
59963.887493482005 9.0 3.0 1.0065150638929996 0.0004368392834581104 1.0 1.0066620583759602 1.0066620583759602 -0.00014699448296062734
59963.8875689614 9.0 3.0 1.006790496728218 0.00043707027223517723 1.0 1.0066621065879218 1.0066621065879218 0.00012839014029619733
59963.8876444408 9.0 3.0 1.0066820959195384 0.00043687349976303494 1.0 1.0066621547998877 1.0066621547998877 1.9941119650646044e-05
59963.887719920196 9.0 3.0 1.007003752872159 0.00043690639097566654 1.0 1.006662203011849 1.006662203011849 0.00034154986030987544
59963.887795399605 9.0 3.0 1.0071002699331775 0.0004371122212427938 1.0 1.0066622512238197 1.0066622512238197 0.0004380187093577792
59963.88787087901 9.0 3.0 1.006430498274417 0.00043687517802601703 1.0 1.0066622994357857 1.0066622994357857 -0.00023180116136867213
59963.8879463584 9.0 3.0 1.0065068802290706 0.0004368373290983506 1.0 1.006662347647747 1.006662347647747 -0.00015546741867633607
59963.888021837796 9.0 3.0 1.0064907073439533 0.00043680589106296307 1.0 1.0066623958597083 1.0066623958597083 -0.00017168851575499744
59963.88809731721 9.0 3.0 1.0071696244514514 0.0004370119956192465 1.0 1.0066624440716836 1.0066624440716836 0.0005071803797678243
59963.88817279661 9.0 3.0 1.0067856129625687 0.0004368494544781292 1.0 1.0066624922836451 1.0066624922836451 0.0001231206789236161
59963.888248276 9.0 3.0 1.0066076054889255 0.00043695472111852983 1.0 1.0066625404956064 1.0066625404956064 -5.493500668096729e-05
59963.888323755404 9.0 3.0 1.0065947627094054 0.00043685579227090827 1.0 1.0066625887075724 1.0066625887075724 -6.782599816701484e-05
59963.88839923481 9.0 3.0 1.0068790568445494 0.0004369999172075596 1.0 1.006662636919543 1.006662636919543 0.00021641992500631702
59963.88847471421 9.0 3.0 1.0067706074176783 0.0004369286239020679 1.0 1.0066626851315044 1.0066626851315044 0.00010792228617395594
59963.88855019361 9.0 3.0 1.0064815391761561 0.00043693441278341757 1.0 1.0066627333434703 1.0066627333434703 -0.00018119416731421367
59963.888625673004 9.0 3.0 1.0065453362336865 0.000436818851440727 1.0 1.0066627815554317 1.0066627815554317 -0.00011744532174517985
59963.88870115241 9.0 3.0 1.0064321440326773 0.00043666418586472294 1.0 1.0066628297674023 1.0066628297674023 -0.0002306857347249558
59963.888776631815 9.0 3.0 1.006565936405797 0.0004369949495007966 1.0 1.0066628779793685 1.0066628779793685 -9.694157357142963e-05
59963.88885211121 9.0 3.0 1.0060525202307462 0.0004368411250168285 1.0 1.0066629261913298 1.0066629261913298 -0.0006104059605835932
59963.88892759061 9.0 3.0 1.0067402489957669 0.00043680365648196437 1.0 1.0066629744032958 1.0066629744032958 7.727459247108825e-05
59963.88900307002 9.0 3.0 1.0068663352117684 0.0004369695334667381 1.0 1.0066630226152664 1.0066630226152664 0.00020331259650196998
59963.889078549415 9.0 3.0 1.0071523763055907 0.00043698653102443194 1.0 1.0066630708272277 1.0066630708272277 0.0004893054783630113
59963.88915402881 9.0 3.0 1.0068107567413076 0.0004370404274258847 1.0 1.006663119039189 1.006663119039189 0.00014763770211856375
59963.889229508226 9.0 3.0 1.0065521884285265 0.00043691433869358105 1.0 1.0066631672511643 1.0066631672511643 -0.00011097882263788605
59963.88930498762 9.0 3.0 1.0068941178383082 0.0004368990225879586 1.0 1.0066632154631256 1.0066632154631256 0.00023090237518252898
59963.889380467015 9.0 3.0 1.0063525768054264 0.000436942767779974 1.0 1.0066632636750872 1.0066632636750872 -0.0003106868696607368
59963.88945594642 9.0 3.0 1.0068908275209614 0.00043695881527316494 1.0 1.0066633118870532 1.0066633118870532 0.00022751563390821516
59963.889531425826 9.0 3.0 1.00602573874274 0.000436802180569561 1.0 1.0066633600990238 1.0066633600990238 -0.0006376213562837574
59963.88960690522 9.0 3.0 1.0068722154757235 0.0004369392222618016 1.0 1.006663408310985 1.006663408310985 0.00020880716473836713
59963.88968238462 9.0 3.0 1.0066020243047766 0.0004369035928413756 1.0 1.006663456522951 1.006663456522951 -6.143221817445088e-05
59963.88975786402 9.0 3.0 1.0065295102155247 0.00043692724876560776 1.0 1.0066635047349124 1.0066635047349124 -0.00013399451938767015
59963.889833343426 9.0 3.0 1.0055934667072737 0.0004367753115101148 1.0 1.006663552946883 1.006663552946883 -0.001070086239609358
59963.88990882282 9.0 3.0 1.006442689853662 0.00043674004537167546 1.0 1.0066636011588443 1.0066636011588443 -0.00022091130518231417
59963.88998430222 9.0 3.0 1.0067281635680274 0.00043692089110769093 1.0 1.0066636493708105 1.0066636493708105 6.451419721686946e-05
59963.89005978162 9.0 3.0 1.006917265534248 0.0004369396054982366 1.0 1.0066636975827719 1.0066636975827719 0.0002535679514761302
59963.89013526103 9.0 3.0 1.0067999609439242 0.0004368981526985132 1.0 1.0066637457947425 1.0066637457947425 0.00013621514918171762
59963.89021074043 9.0 3.0 1.0066510077236408 0.00043701301269320975 1.0 1.0066637940067085 1.0066637940067085 -1.278628306766727e-05
59963.89028621982 9.0 3.0 1.007022808929289 0.00043696181034676656 1.0 1.0066638422186698 1.0066638422186698 0.0003589667106191907
59963.89036169922 9.0 3.0 1.0063840190093662 0.0004369361851391992 1.0 1.006663890430631 1.006663890430631 -0.00027987142126484343
59963.890437178634 9.0 3.0 1.0070906495288248 0.000436999417428802 1.0 1.0066639386426064 1.0066639386426064 0.0004267108862183733
59963.89051265803 9.0 3.0 1.0066706210045588 0.00043694940908968883 1.0 1.0066639868545677 1.0066639868545677 6.634149991135985e-06
59963.89058813742 9.0 3.0 1.006239154133088 0.00043686854531943374 1.0 1.0066640350665292 1.0066640350665292 -0.0004248809334412851
59963.89066361683 9.0 3.0 1.0065970565044549 0.00043681564363729863 1.0 1.0066640832784999 1.0066640832784999 -6.702677404502033e-05
59963.890739096234 9.0 3.0 1.0062435446247509 0.00043693622932816477 1.0 1.0066641314904659 1.0066641314904659 -0.00042058686571500026
59963.89081457563 9.0 3.0 1.0068152122565457 0.00043692294704567936 1.0 1.0066641797024272 1.0066641797024272 0.00015103255411852423
59963.89089005503 9.0 3.0 1.0065695349345274 0.0004369060729609556 1.0 1.0066642279143931 1.0066642279143931 -9.469297986575143e-05
59963.89096553444 9.0 3.0 1.0066980826145404 0.00043688556587211157 1.0 1.0066642761263638 1.0066642761263638 3.380648817663534e-05
59963.891041013834 9.0 3.0 1.0063092553116688 0.00043679145132513895 1.0 1.006664324338325 1.006664324338325 -0.00035506902665627393
59963.89111649323 9.0 3.0 1.0067661246883155 0.00043693703683456164 1.0 1.0066643725502864 1.0066643725502864 0.00010175213802909866
59963.89119197263 9.0 3.0 1.0066000413594147 0.0004369857467873185 1.0 1.0066644207622526 1.0066644207622526 -6.437940283787746e-05
59963.89126745204 9.0 3.0 1.0070550907747424 0.0004369883366598274 1.0 1.0066644689742232 1.0066644689742232 0.0003906218005191864
59963.891342931434 9.0 3.0 1.0069085376797406 0.0004370456485354044 1.0 1.0066645171861845 1.0066645171861845 0.00024402049355609634
59963.891418410836 9.0 3.0 1.006490155365894 0.00043683396290461165 1.0 1.0066645653981505 1.0066645653981505 -0.000174410032256489
59963.89149389023 9.0 3.0 1.0067113874858136 0.0004368342950494059 1.0 1.0066646136101118 1.0066646136101118 4.67738757017333e-05
59963.89156936964 9.0 3.0 1.0067134330043308 0.00043696582496474744 1.0 1.0066646618220825 1.0066646618220825 4.877118224833055e-05
