TTV/wasp-107b/2/S5_wasp-107b_ap4_bg10_Table_Save_ch0.txt
# %ECSV 1.0
# ---
# datatype:
# - {name: time, datatype: float64}
# - {name: wavelength, datatype: float64}
# - {name: bin_width, datatype: float64}
# - {name: lcdata, datatype: float64}
# - {name: lcerr, datatype: float64}
# - {name: transit, datatype: float64}
# - {name: polynom, datatype: float64}
# - {name: model, datatype: float64}
# - {name: residuals, datatype: float64}
# schema: astropy-2.0
time wavelength bin_width lcdata lcerr transit polynom model residuals
[from data line 974]
59963.873454313405 9.0 3.0 1.0060868931094213 0.0004366901974893072 1.0 1.0066530909503772 1.0066530909503772 -0.0005661978409559065
59963.8735297928 9.0 3.0 1.0061900477704573 0.0004368600724684279 1.0 1.0066531391623386 1.0066531391623386 -0.00046309139188127624
59963.873605272216 9.0 3.0 1.006159674944717 0.0004368582563009375 1.0 1.0066531873743139 1.0066531873743139 -0.0004935124295968318
59963.87368075161 9.0 3.0 1.0057960081246133 0.0004367406283437714 1.0 1.0066532355862754 1.0066532355862754 -0.0008572274616620579
59963.873756231005 9.0 3.0 1.0066461207223847 0.0004368613641345449 1.0 1.0066532837982367 1.0066532837982367 -7.1630758520235815e-06
59963.87383171041 9.0 3.0 1.0066080225018037 0.00043686157679222464 1.0 1.0066533320102027 1.0066533320102027 -4.5309508398982956e-05
59963.873907189816 9.0 3.0 1.0064731499196793 0.00043692637669101364 1.0 1.0066533802221733 1.0066533802221733 -0.00018023030249403327
59963.87398266922 9.0 3.0 1.0067081932981943 0.00043694041399974055 1.0 1.0066534284341393 1.0066534284341393 5.4764864054979157e-05
59963.87405814861 9.0 3.0 1.0074585692031766 0.0004369385018539064 1.0 1.0066534766461006 1.0066534766461006 0.0008050925570759482
59963.87413362801 9.0 3.0 1.007303415958588 0.00043704004240783953 1.0 1.006653524858062 1.006653524858062 0.0006498911005261565
59963.874209107424 9.0 3.0 1.0064791485338416 0.00043691431393709274 1.0 1.0066535730700372 1.0066535730700372 -0.0001744245361956498
59963.87428458682 9.0 3.0 1.0063095201981551 0.00043690087975662394 1.0 1.0066536212819988 1.0066536212819988 -0.0003441010838436398
59963.87436006622 9.0 3.0 1.006449057236157 0.0004368134196125333 1.0 1.0066536694939647 1.0066536694939647 -0.00020461225780765702
59963.874435545615 9.0 3.0 1.006725026605907 0.0004369113845316251 1.0 1.006653717705926 1.006653717705926 7.130889998085976e-05
59963.874511025024 9.0 3.0 1.0068636499687194 0.0004369051601776823 1.0 1.0066537659178967 1.0066537659178967 0.00020988405082267292
59963.874586504426 9.0 3.0 1.0063947261959547 0.0004369544915781815 1.0 1.0066538141298627 1.0066538141298627 -0.00025908793390794216
59963.87466198382 9.0 3.0 1.006682063784131 0.000436943987641819 1.0 1.006653862341824 1.006653862341824 2.82014423069743e-05
59963.87473746322 9.0 3.0 1.0062561433841068 0.0004368905312370818 1.0 1.00665391055379 1.00665391055379 -0.0003977671696830942
59963.87481294263 9.0 3.0 1.0067496175802548 0.0004368924492490683 1.0 1.0066539587657606 1.0066539587657606 9.565881449424829e-05
59963.874888422026 9.0 3.0 1.0063212333120748 0.00043689304889170865 1.0 1.006654006977722 1.006654006977722 -0.0003327736656471014
59963.87496390143 9.0 3.0 1.0065960241600311 0.00043696715714579396 1.0 1.006654055189688 1.006654055189688 -5.80310296569575e-05
59963.87503938083 9.0 3.0 1.0059482132732966 0.0004367652380500441 1.0 1.006654103401654 1.006654103401654 -0.0007058901283574226
59963.87511486024 9.0 3.0 1.0072207804328943 0.0004370916834117279 1.0 1.0066541516136247 1.0066541516136247 0.0005666288192696101
59963.87519033963 9.0 3.0 1.005819739183032 0.00043682277078512286 1.0 1.006654199825586 1.006654199825586 -0.0008344606425541023
59963.87526581903 9.0 3.0 1.00578975400965 0.00043671547057379256 1.0 1.0066542480375473 1.0066542480375473 -0.0008644940278972335
59963.875341298444 9.0 3.0 1.0056782669917967 0.0004366707504751363 1.0 1.0066542962495226 1.0066542962495226 -0.0009760292577258856
59963.87541677784 9.0 3.0 1.0065581426776724 0.0004368560365242048 1.0 1.006654344461484 1.006654344461484 -9.620178381153366e-05
59963.87549225724 9.0 3.0 1.0064840527154246 0.00043687982754869926 1.0 1.00665439267345 1.00665439267345 -0.00017033995802528956
59963.875567736635 9.0 3.0 1.0073734230065963 0.0004370801539774017 1.0 1.0066544408854115 1.0066544408854115 0.0007189821211848191
59963.875643216044 9.0 3.0 1.0071370549662653 0.0004370524014175648 1.0 1.006654489097382 1.006654489097382 0.000482565868883178
59963.875718695446 9.0 3.0 1.006617234309739 0.00043690764640529506 1.0 1.006654537309348 1.006654537309348 -3.73029996090235e-05
59963.87579417484 9.0 3.0 1.0068421778189667 0.0004369348656127039 1.0 1.0066545855213094 1.0066545855213094 0.0001875922976573019
59963.87586965424 9.0 3.0 1.006960026197923 0.0004369440730808994 1.0 1.0066546337332754 1.0066546337332754 0.0003053924646476691
59963.87594513365 9.0 3.0 1.0061652771523077 0.00043672955578578904 1.0 1.006654681945246 1.006654681945246 -0.0004894047929382417
59963.87602061305 9.0 3.0 1.0066743771510989 0.00043685543107828824 1.0 1.0066547301572073 1.0066547301572073 1.9646993891564435e-05
59963.87609609245 9.0 3.0 1.0067425735051938 0.00043693854580194465 1.0 1.0066547783691733 1.0066547783691733 8.77951360205298e-05
59963.87617157184 9.0 3.0 1.006598200561103 0.0004368724055396914 1.0 1.0066548265811348 1.0066548265811348 -5.662602003186912e-05
59963.87624705126 9.0 3.0 1.0062944224184063 0.0004367936016698565 1.0 1.0066548747931099 1.0066548747931099 -0.0003604523747036126
59963.876322530654 9.0 3.0 1.006804922390178 0.0004369272248026802 1.0 1.0066549230050714 1.0066549230050714 0.00014999938510662503
59963.87639801005 9.0 3.0 1.007155897335326 0.000437041615417368 1.0 1.0066549712170327 1.0066549712170327 0.0005009261182933322
59963.87647348945 9.0 3.0 1.006143448119724 0.0004368226719545894 1.0 1.0066550194289987 1.0066550194289987 -0.0005115713092747054
59963.87654896886 9.0 3.0 1.0064913019200168 0.0004368308702398857 1.0 1.0066550676409693 1.0066550676409693 -0.00016376572095255781
59963.876624448254 9.0 3.0 1.0071734989281684 0.00043698223587332905 1.0 1.0066551158529307 1.0066551158529307 0.0005183830752377716
59963.876699927656 9.0 3.0 1.006525943347882 0.00043700548625098465 1.0 1.0066551640648966 1.0066551640648966 -0.00012922071701471083
59963.87677540706 9.0 3.0 1.0074544556032305 0.0004370705178071991 1.0 1.0066552122768626 1.0066552122768626 0.0007992433263679377
59963.87685088647 9.0 3.0 1.0070618247138847 0.00043688756927381077 1.0 1.0066552604888332 1.0066552604888332 0.0004065642250514756
59963.87692636586 9.0 3.0 1.0070068754745847 0.00043683237695295253 1.0 1.0066553087007948 1.0066553087007948 0.0003515667737898909
59963.877001845256 9.0 3.0 1.006436777765453 0.0004368734203155191 1.0 1.006655356912756 1.006655356912756 -0.00021857914730305517
59963.87707732467 9.0 3.0 1.0074037828456028 0.00043701538223134896 1.0 1.0066554051247314 1.0066554051247314 0.0007483777208714404
59963.87715280407 9.0 3.0 1.0071987319803564 0.0004369792524314389 1.0 1.0066554533366927 1.0066554533366927 0.0005432786436636583
59963.87722828347 9.0 3.0 1.0068473815995702 0.00043688261404179374 1.0 1.0066555015486587 1.0066555015486587 0.00019188005091153038
59963.87730376286 9.0 3.0 1.0069234072229787 0.0004369232281309044 1.0 1.00665554976062 1.00665554976062 0.00026785746235868935
59963.87737924227 9.0 3.0 1.006366705624982 0.000436881854469845 1.0 1.0066555979725906 1.0066555979725906 -0.0002888923476085381
59963.877454721674 9.0 3.0 1.0065172262611657 0.00043693214134556704 1.0 1.0066556461845566 1.0066556461845566 -0.00013841992339092002
59963.87753020107 9.0 3.0 1.0069366010227614 0.00043699821305486945 1.0 1.0066556943965181 1.0066556943965181 0.00028090662624324914
59963.87760568046 9.0 3.0 1.0068200375167873 0.00043683687206673964 1.0 1.0066557426084795 1.0066557426084795 0.00016429490830782711
59963.87768115988 9.0 3.0 1.0069293964479664 0.00043683773879361876 1.0 1.0066557908204548 1.0066557908204548 0.00027360562751166384
59963.877756639275 9.0 3.0 1.0073062784528357 0.00043712422855742147 1.0 1.006655839032416 1.006655839032416 0.0006504394204196462
59963.87783211868 9.0 3.0 1.0070988784125874 0.00043697248137299056 1.0 1.006655887244382 1.006655887244382 0.00044299116820534223
59963.87790759807 9.0 3.0 1.0061398266988448 0.0004368316332793678 1.0 1.0066559354563434 1.0066559354563434 -0.0005161087574985235
59963.87798307748 9.0 3.0 1.0061598668588652 0.0004368056015090529 1.0 1.006655983668314 1.006655983668314 -0.0004961168094488322
59963.87805855688 9.0 3.0 1.0066142289440179 0.00043694062690919575 1.0 1.00665603188028 1.00665603188028 -4.1802936262103074e-05
59963.87813403628 9.0 3.0 1.0069649884891543 0.00043693234567399644 1.0 1.0066560800922415 1.0066560800922415 0.00030890839691277705
59963.87820951568 9.0 3.0 1.0068479519097542 0.0004369592826994366 1.0 1.0066561283042075 1.0066561283042075 0.00019182360554670375
59963.87828499509 9.0 3.0 1.006343428555676 0.00043668111571372166 1.0 1.0066561765161781 1.0066561765161781 -0.0003127479605020689
59963.87836047448 9.0 3.0 1.0072017414534988 0.0004370748555248558 1.0 1.0066562247281394 1.0066562247281394 0.0005455167253594073
59963.878435953884 9.0 3.0 1.0066884857528797 0.00043694704001116547 1.0 1.0066562729401054 1.0066562729401054 3.221281277432375e-05
59963.878511433286 9.0 3.0 1.006233301232967 0.00043689174749778325 1.0 1.0066563211520714 1.0066563211520714 -0.00042301991910442815
59963.87858691269 9.0 3.0 1.0069587942238463 0.00043698956083178703 1.0 1.0066563693640374 1.0066563693640374 0.0003024248598089141
59963.87866239209 9.0 3.0 1.0067890383717517 0.0004370294831870882 1.0 1.0066564175760033 1.0066564175760033 0.0001326207957483838
59963.878737871484 9.0 3.0 1.0064771135424224 0.0004368697899877466 1.0 1.0066564657879649 1.0066564657879649 -0.00017935224554244122
59963.8788133509 9.0 3.0 1.0063589100569597 0.0004368024541098352 1.0 1.0066565139999402 1.0066565139999402 -0.00029760394298050663
59963.878888830295 9.0 3.0 1.0068807739961638 0.00043686509435542266 1.0 1.0066565622119015 1.0066565622119015 0.00022421178426235144
59963.87896430969 9.0 3.0 1.0064586406977736 0.0004369152919488032 1.0 1.0066566104238628 1.0066566104238628 -0.00019796972608920882
59963.87903978909 9.0 3.0 1.0060306908170853 0.0004367705687634889 1.0 1.0066566586358288 1.0066566586358288 -0.000625967818743467
59963.8791152685 9.0 3.0 1.0064500370624885 0.00043693326521313387 1.0 1.0066567068477994 1.0066567068477994 -0.00020666978531092006
59963.879190747895 9.0 3.0 1.0072306120339292 0.00043702994718281 1.0 1.0066567550597607 1.0066567550597607 0.0005738569741684518
59963.8792662273 9.0 3.0 1.0066629923271435 0.0004368228469376217 1.0 1.0066568032717267 1.0066568032717267 6.189055416827571e-06
59963.87934170669 9.0 3.0 1.0071812866797194 0.0004370735232673266 1.0 1.006656851483688 1.006656851483688 0.0005244351960314031
59963.87941718611 9.0 3.0 1.0068675138776713 0.0004369798594886574 1.0 1.0066568996956633 1.0066568996956633 0.00021061418200796211
59963.8794926655 9.0 3.0 1.0062751140992865 0.0004368661198734437 1.0 1.0066569479076248 1.0066569479076248 -0.0003818338083383388
59963.8795681449 9.0 3.0 1.0069259227227296 0.00043704201786812745 1.0 1.0066569961195861 1.0066569961195861 0.00026892660314348227
59963.8796436243 9.0 3.0 1.0068188025423643 0.0004370226244242678 1.0 1.0066570443315521 1.0066570443315521 0.00016175821081221287
59963.87971910371 9.0 3.0 1.0067520693386793 0.0004368280355697787 1.0 1.0066570925435228 1.0066570925435228 9.497679515657609e-05
59963.8797945831 9.0 3.0 1.0065370274829952 0.0004368292341315908 1.0 1.006657140755484 1.006657140755484 -0.00012011327248884207
59963.879870062505 9.0 3.0 1.0062715824232442 0.0004368456590548516 1.0 1.00665718896745 1.00665718896745 -0.00038560654420582985
59963.8799455419 9.0 3.0 1.0066957034483583 0.0004368911022226742 1.0 1.0066572371794114 1.0066572371794114 3.846626894699057e-05
59963.88002102131 9.0 3.0 1.007519248351608 0.00043696963867379787 1.0 1.0066572853913822 1.0066572853913822 0.0008619629602257817
59963.88009650071 9.0 3.0 1.0067960945758736 0.0004370613492483827 1.0 1.0066573336033482 1.0066573336033482 0.0001387609725254091
59963.880171980105 9.0 3.0 1.007439446695027 0.00043690353826888263 1.0 1.0066573818153095 1.0066573818153095 0.0007820648797174368
59963.880247459514 9.0 3.0 1.007913564975436 0.00043713617142658915 1.0 1.0066574300272801 1.0066574300272801 0.001256134948155907
59963.880322938916 9.0 3.0 1.006279334470294 0.000436919213214153 1.0 1.0066574782392461 1.0066574782392461 -0.00037814376895206614
59963.88039841831 9.0 3.0 1.0063553034779928 0.00043667458646513434 1.0 1.0066575264512074 1.0066575264512074 -0.00030222297321458313
59963.88047389771 9.0 3.0 1.0067175179495178 0.0004369230601273673 1.0 1.0066575746631734 1.0066575746631734 5.994328634439938e-05
59963.88054937712 9.0 3.0 1.0061375318859354 0.00043682064340485943 1.0 1.006657622875144 1.006657622875144 -0.000520090989208688
59963.880624856516 9.0 3.0 1.0067864637649924 0.0004368528835267757 1.0 1.0066576710871054 1.0066576710871054 0.00012879267788701299
59963.88070033592 9.0 3.0 1.0063447336105689 0.00043693825272837154 1.0 1.0066577192990716 1.0066577192990716 -0.00031298568850268715
59963.88077581531 9.0 3.0 1.0067245699030505 0.00043685091562665736 1.0 1.0066577675110329 1.0066577675110329 6.680239201761751e-05
59963.88085129473 9.0 3.0 1.0062063830039178 0.0004367593789932308 1.0 1.0066578157230082 1.0066578157230082 -0.0004514327190903167
59963.88092677412 9.0 3.0 1.0066391592490929 0.0004368205762435454 1.0 1.0066578639349695 1.0066578639349695 -1.870468587661378e-05
59963.88100225352 9.0 3.0 1.0072009104962438 0.0004369688373131544 1.0 1.0066579121469308 1.0066579121469308 0.0005429983493130397
59963.88107773292 9.0 3.0 1.0064868538195828 0.00043691015280608483 1.0 1.0066579603588968 1.0066579603588968 -0.0001711065393139588
59963.88115321233 9.0 3.0 1.0068507513845155 0.0004368951654174965 1.0 1.0066580085708674 1.0066580085708674 0.00019274281364811685
59963.881228691724 9.0 3.0 1.0069919993044782 0.00043691305620963475 1.0 1.0066580567828287 1.0066580567828287 0.00033394252164953286
59963.881304171126 9.0 3.0 1.0057397196026887 0.00043672511206381683 1.0 1.006658104994795 1.006658104994795 -0.0009183853921062024
59963.88137965052 9.0 3.0 1.0062909735683994 0.0004367897392265789 1.0 1.0066581532067562 1.0066581532067562 -0.0003671796383568626
59963.88145512993 9.0 3.0 1.0071185826774913 0.0004370720580772519 1.0 1.0066582014187269 1.0066582014187269 0.000460381258764464
59963.88153060933 9.0 3.0 1.0058771051979603 0.00043676842285356 1.0 1.0066582496306928 1.0066582496306928 -0.0007811444327325834
59963.881606088726 9.0 3.0 1.0067031152355395 0.0004369801210690747 1.0 1.0066582978426541 1.0066582978426541 4.481739288531017e-05
59963.88168156813 9.0 3.0 1.0058856424405183 0.0004367915254754383 1.0 1.0066583460546201 1.0066583460546201 -0.0007727036141018662
59963.88175704754 9.0 3.0 1.0070844217160058 0.00043702254947619677 1.0 1.0066583942665908 1.0066583942665908 0.0004260274494150007
59963.88183252693 9.0 3.0 1.0068305442134549 0.0004368893547453636 1.0 1.006658442478552 1.006658442478552 0.00017210173490278535
59963.88190800633 9.0 3.0 1.006556148345145 0.0004367653858547836 1.0 1.0066584906905183 1.0066584906905183 -0.00010234234537320752
59963.881983485735 9.0 3.0 1.0072895497061576 0.0004370727884694946 1.0 1.0066585389024842 1.0066585389024842 0.0006310108036733375
59963.88205896514 9.0 3.0 1.0069031030775597 0.00043692806703723546 1.0 1.0066585871144502 1.0066585871144502 0.00024451596310948176
59963.88213444454 9.0 3.0 1.0061465702125605 0.0004368170282373229 1.0 1.0066586353264162 1.0066586353264162 -0.0005120651138557086
59963.88220992393 9.0 3.0 1.0074923314743787 0.0004371256267847163 1.0 1.0066586835383775 1.0066586835383775 0.0008336479360011584
59963.88228540334 9.0 3.0 1.0070502712548663 0.00043700464375425526 1.0 1.0066587317503481 1.0066587317503481 0.0003915395045182013
59963.882360882744 9.0 3.0 1.0067633732813748 0.00043700321096626246 1.0 1.0066587799623141 1.0066587799623141 0.00010459331906065295
59963.88243636214 9.0 3.0 1.0064865555973728 0.0004368374848867448 1.0 1.0066588281742754 1.0066588281742754 -0.00017227257690266562
