TTV/wasp-107b/2/S5_wasp-107b_ap4_bg10_Table_Save_ch0.txt
# %ECSV 1.0
# ---
# datatype:
# - {name: time, datatype: float64}
# - {name: wavelength, datatype: float64}
# - {name: bin_width, datatype: float64}
# - {name: lcdata, datatype: float64}
# - {name: lcerr, datatype: float64}
# - {name: transit, datatype: float64}
# - {name: polynom, datatype: float64}
# - {name: model, datatype: float64}
# - {name: residuals, datatype: float64}
# schema: astropy-2.0
time wavelength bin_width lcdata lcerr transit polynom model residuals
[from data line 2553]
59963.99263628443 9.0 3.0 0.9848354337750984 0.000433052828683619 0.9788711477523697 1.0067292176418097 0.9854581847488835 -0.0006227509737850578
59963.99271176382 9.0 3.0 0.9847383509873407 0.00043287216851521616 0.9788725771650001 1.006729265853771 0.9854596709737093 -0.000721319986368596
59963.992787243216 9.0 3.0 0.9852326041178937 0.00043314877698094427 0.9788740145333672 1.0067293140657323 0.9854611652079465 -0.00022856109005275904
59963.99286272262 9.0 3.0 0.9854312207277819 0.0004330218154024068 0.9788754599010712 1.0067293622776985 0.9854626674954942 -3.144676771227317e-05
59963.99293820201 9.0 3.0 0.9862387328139169 0.0004332965589686123 0.9788769133116627 1.0067294104896598 0.985464177880188 0.0007745549337289104
59963.99301368141 9.0 3.0 0.985712470937122 0.00043314840726961485 0.9788783748094823 1.0067294587016211 0.9854656964066727 0.00024677453044930076
59963.9930891608 9.0 3.0 0.9858931781759537 0.0004331069259894424 0.9788798444391081 1.0067295069135824 0.9854672231198276 0.00042595505612608164
59963.993164640204 9.0 3.0 0.9861367227848092 0.0004332099827355636 0.9788813222456421 1.0067295551255484 0.9854687580650638 0.0006679647197453953
59963.9932401196 9.0 3.0 0.9851144933452938 0.00043290805524804705 0.9788828082741432 1.0067296033375097 0.9854703012877357 -0.0003558079424419436
59963.99331559899 9.0 3.0 0.9851428758431073 0.0004330513748692543 0.9788843025704859 1.0067296515494712 0.9854718528340324 -0.00032897699092504507
59963.99339107839 9.0 3.0 0.9854163273575941 0.00043303308629094047 0.9788858051807969 1.0067296997614326 0.9854734127503919 -5.7085392797806556e-05
59963.99346655779 9.0 3.0 0.9862892721491033 0.0004331689035568721 0.9788873161517461 1.0067297479733985 0.9854749810838038 0.0008142910652995106
59963.993542037184 9.0 3.0 0.985112925401186 0.000433059033311932 0.9788888355299685 1.0067297961853598 0.9854765578812095 -0.00036363248002346804
59963.99361751658 9.0 3.0 0.9856778038292706 0.0004331082551784788 0.9788903633629422 1.0067298443973212 0.9854781431904119 0.00019966063885867857
59963.99369299597 9.0 3.0 0.985502408736457 0.0004329022231649359 0.9788918996984114 1.0067298926092825 0.9854797370594782 2.2671676978780475e-05
59963.993768475375 9.0 3.0 0.9852331920317046 0.00043307358141070774 0.9788934445846859 1.0067299408212487 0.9854813395370491 -0.00024814750534452035
59963.99384395477 9.0 3.0 0.9854686283748678 0.0004330357129949217 0.9788949980700482 1.00672998903321 0.9854829506717238 -1.4322296855939776e-05
59963.993919434164 9.0 3.0 0.9855440477112468 0.0004331450442247184 0.9788965602036535 1.0067300372451713 0.9854845705129941 5.947719825272202e-05
59963.99399491356 9.0 3.0 0.9864021380516476 0.0004333048401190922 0.978898131034938 1.0067300854571326 0.9854861991106305 0.0009159389410170471
59963.99407039297 9.0 3.0 0.9855844013472348 0.00043312704287795965 0.9788997106140791 1.0067301336691032 0.9854878365151584 9.656483207642896e-05
59963.994145872355 9.0 3.0 0.9854176635914667 0.0004331193120477742 0.9789012989906262 1.00673018188106 0.9854894827764389 -7.181918497223272e-05
59963.99422135175 9.0 3.0 0.9859170864457849 0.0004331242090505724 0.9789028962159467 1.0067302300930214 0.9854911379462051 0.00042594849957977576
59963.99429683115 9.0 3.0 0.985860023343282 0.00043317073429168277 0.9789045023412511 1.0067302783049874 0.985492802076013 0.0003672212672690689
59963.99437231055 9.0 3.0 0.9862586468119429 0.0004333092297048129 0.9789061174180499 1.0067303265169534 0.9854944752177165 0.0007641715942263705
59963.99444778994 9.0 3.0 0.9859122824903764 0.0004329730531259091 0.978907741498154 1.00673037472891 0.9854961574234675 0.00041612506690891227
59963.994523269335 9.0 3.0 0.985506094441686 0.0004331320908997342 0.9789093746346231 1.0067304229408713 0.985497848746698 8.245694988029406e-06
59963.994598748744 9.0 3.0 0.9856086507690859 0.0004331624134166475 0.9789110168806828 1.006730471152842 0.9854995492409975 0.00010910152808840667
59963.99467422814 9.0 3.0 0.9845828007551819 0.0004328980684446027 0.978912668289241 1.0067305193648033 0.9855012589596129 -0.0009184582044310385
59963.994749707526 9.0 3.0 0.9852291071723929 0.00043300920540138003 0.9789143289144778 1.0067305675767602 0.9855029779570955 -0.0002738707847026456
59963.99482518692 9.0 3.0 0.9857184238069936 0.00043312776208139723 0.9789159988112276 1.0067306157887215 0.9855047062886585 0.00021371751833509922
59963.99490066633 9.0 3.0 0.9859135065134208 0.00043317649430368947 0.9789176780346646 1.006730664000692 0.9855064440098535 0.00040706250356725704
59963.994976145725 9.0 3.0 0.9854139861259527 0.0004330675652640916 0.9789193666396516 1.0067307122126534 0.985508191175896 -9.420504994339662e-05
59963.99505162511 9.0 3.0 0.9859686844889147 0.00043325163088393077 0.9789210646823651 1.00673076042461 0.9855099478433463 0.00045873664556839167
59963.99512710451 9.0 3.0 0.9861867905026802 0.0004333140856723003 0.9789227722196631 1.0067308086365716 0.9855117140694558 0.0006750764332243975
59963.995202583916 9.0 3.0 0.9853394665683732 0.0004330961875833637 0.9789244893087652 1.0067308568485422 0.9855134899118349 -0.00017402334346161563
59963.99527806331 9.0 3.0 0.9855671441023681 0.00043313272028556093 0.9789262160065858 1.0067309050605036 0.9855152754277642 5.1868674603938736e-05
59963.9953535427 9.0 3.0 0.9852139137575853 0.00043301887358392245 0.9789279523713967 1.0067309532724602 0.9855170706759138 -0.00030315691832849545
59963.99542902209 9.0 3.0 0.9855289049966193 0.00043305551830784446 0.9789296984621809 1.0067310014844215 0.9855188757156742 1.0029280945067498e-05
59963.9955045015 9.0 3.0 0.9862760289790232 0.0004331577537401634 0.9789314543383054 1.0067310496963922 0.985520690606818 0.0007553383722052054
59963.995579980896 9.0 3.0 0.9858318290805699 0.0004331794275528131 0.9789332200588404 1.0067310979083535 0.9855225154087962 0.00030931367177367
59963.99565546028 9.0 3.0 0.9854054024870693 0.00043298686542144496 0.9789349956842586 1.0067311461203103 0.9855243501824947 -0.00011894769542541983
59963.99573093968 9.0 3.0 0.9857307257046781 0.00043311655519657214 0.9789367812757759 1.0067311943322717 0.9855261949895516 0.00020453071512649412
59963.99580641909 9.0 3.0 0.9854906548250334 0.00043310369495811813 0.9789385768950164 1.0067312425442423 0.9855280498920121 -3.73950669787515e-05
59963.99588189848 9.0 3.0 0.9855680712094501 0.00043316240469935173 0.9789403826033168 1.0067312907562036 0.9855299149516089 3.8156257841204244e-05
59963.99595737787 9.0 3.0 0.9853179694337236 0.00043296171564663076 0.9789421984634643 1.0067313389681602 0.9855317902315579 -0.00021382079783427432
59963.99603285727 9.0 3.0 0.9847830431918722 0.00043292205398540715 0.9789440245391995 1.0067313871801262 0.9855336757960438 -0.0007506326041716305
59963.99610833667 9.0 3.0 0.9855261017456552 0.00043315799951356484 0.9789458608939915 1.0067314353920924 0.9855355717089557 -9.4699633004236e-06
59963.99618381607 9.0 3.0 0.9857307490565238 0.00043311006758146295 0.9789477075920917 1.0067314836040537 0.9855374780349738 0.00019327102154997888
59963.996259295454 9.0 3.0 0.9850115009580229 0.000432909096301353 0.978949564698547 1.0067315318160104 0.9855393948395847 -0.000527893881561825
59963.99633477486 9.0 3.0 0.9846345089288712 0.00043300372760926673 0.978951432279754 1.006731580027981 0.9855413221896518 -0.0009068132607806811
59963.99641025426 9.0 3.0 0.9859923835225465 0.0004332283813749329 0.9789533104011287 1.0067316282399423 0.9855432601510099 0.000449123371536575
59963.99648573365 9.0 3.0 0.985021728399063 0.0004329111676722019 0.9789551991299885 1.0067316764519036 0.9855452087914405 -0.0005234803923774844
59963.99656121304 9.0 3.0 0.9854886529580943 0.00043299315057247095 0.9789570985337622 1.0067317246638605 0.9855471681788233 -5.851522072897186e-05
59963.99663669245 9.0 3.0 0.9853735501279904 0.00043299747417973916 0.9789590086814594 1.0067317728758312 0.9855491383826518 -0.00017558825466135186
59963.996712171844 9.0 3.0 0.9852157723386982 0.0004330613523040308 0.9789609296411056 1.0067318210877925 0.9855511194713885 -0.00033534713269034455
59963.99678765124 9.0 3.0 0.9849377050441872 0.00043288185051998184 0.9789628614826934 1.0067318692997538 0.9855531115155078 -0.0006154064713206342
59963.996863130626 9.0 3.0 0.9854492944791176 0.00043292860210229425 0.9789648042763487 1.0067319175117104 0.9855551145856049 -0.00010582010648729767
59963.996938610035 9.0 3.0 0.9859201897493091 0.00043327018094686787 0.9789667580938366 1.006731965723681 0.9855571287539475 0.00036306099536154157
59963.99701408943 9.0 3.0 0.9848807775863804 0.00043304720903999087 0.9789687230059376 1.0067320139356426 0.9855591540917719 -0.000678376505391487
59963.997089568824 9.0 3.0 0.9848319943962599 0.0004329361501415579 0.978970699085466 1.006732062147604 0.9855611906723926 -0.0007291962761326598
59963.99716504821 9.0 3.0 0.9856018334689908 0.0004331188379219932 0.9789726864053956 1.0067321103595606 0.9855632385692722 3.859489971858032e-05
59963.99724052762 9.0 3.0 0.9858222929043614 0.0004331506927016778 0.9789746850404001 1.0067321585715312 0.9855652978576068 0.0002569950467545823
59963.997316007015 9.0 3.0 0.9860775054698846 0.0004331379021529239 0.9789766950641703 1.0067322067834925 0.9855673686115624 0.000510136858322241
59963.9973914864 9.0 3.0 0.9858047749489526 0.0004332119909724885 0.9789787165523056 1.0067322549954492 0.9855694509072532 0.0002353240416993474
59963.9974669658 9.0 3.0 0.9854771461227213 0.00043302593715186064 0.9789807495813759 1.0067323032074107 0.985571544821776 -9.439869905469855e-05
59963.997542445206 9.0 3.0 0.9859405598440035 0.0004332417424569719 0.9789827942285426 1.0067323514193813 0.9855736504328171 0.0003669094111864446
59963.9976179246 9.0 3.0 0.9852339098891 0.00043306018855352097 0.978984850570769 1.0067323996313426 0.9855757678178417 -0.00034185792874175114
59963.99769340399 9.0 3.0 0.9863135996311365 0.00043333657764757765 0.9789869186868022 1.0067324478432993 0.9855778970561334 0.0007357025750031054
59963.99776888339 9.0 3.0 0.9855991523060836 0.00043309877831800345 0.9789889986566105 1.0067324960552653 0.9855800382282142 1.9114077869475388e-05
59963.99784436279 9.0 3.0 0.9853440212908502 0.00043305504317826235 0.9789910905599907 1.0067325442672312 0.9855821914144108 -0.0002381701235606437
59963.997919842186 9.0 3.0 0.9858672802732923 0.0004331426978496038 0.9789931944777716 1.0067325924791928 0.9855843566960936 0.00028292357719872374
59963.99799532157 9.0 3.0 0.9855169173870689 0.0004330129153635192 0.9789953104918316 1.0067326406911494 0.9855865341556934 -6.961676862449195e-05
59963.99807080098 9.0 3.0 0.9865083929242477 0.0004331340566988916 0.9789974386857353 1.00673268890312 0.9855887238773577 0.0009196690468900037
59963.99814628038 9.0 3.0 0.9857901663394606 0.0004332329900026356 0.9789995791420787 1.0067327371150814 0.9855909259442176 0.00019924039524299442
59963.99822175977 9.0 3.0 0.9855715692151465 0.00043297248791657563 0.9790017319457796 1.0067327853270427 0.9855931404417735 -2.1571226626937445e-05
59963.99829723916 9.0 3.0 0.9856594864335075 0.0004331827183741237 0.979003897182038 1.0067328335389993 0.9855953674557962 6.41189777113027e-05
59963.99837271857 9.0 3.0 0.986371077909554 0.00043317531942498543 0.9790060749380176 1.00673288175097 0.9855976070740565 0.0007734708354975028
59963.99844819796 9.0 3.0 0.9856754265286288 0.0004332066080776682 0.9790082652999239 1.0067329299629315 0.9855998593833194 7.556714530942976e-05
59963.99852367736 9.0 3.0 0.9858157010049909 0.000433083473524592 0.9790104683563723 1.0067329781748928 0.9856021244728074 0.0002135765321835681
59963.998599156745 9.0 3.0 0.9859012377723946 0.00043313687503959935 0.9790126841963019 1.0067330263868495 0.9856044024320559 0.00029683534033864145
59963.998674636154 9.0 3.0 0.9853282523085931 0.00043304386824833367 0.9790149129106961 1.00673307459882 0.9856066933526811 -0.00027844104408802917
59963.99875011555 9.0 3.0 0.9847151862624353 0.000432899010712452 0.9790171545895945 1.0067331228107814 0.985608997325308 -0.0008938110628727847
59963.998825594936 9.0 3.0 0.9861973233343587 0.00043335253081918263 0.9790194093253216 1.0067331710227383 0.9856113144428892 0.000586008891469536
59963.99890107433 9.0 3.0 0.9862040832858213 0.0004331797483847046 0.9790216772114435 1.0067332192346996 0.9856136447996314 0.0005904384861898926
59963.99897655374 9.0 3.0 0.9855740513147656 0.00043316187392921973 0.9790239583423495 1.0067332674466702 0.9856159884905662 -4.19371758005882e-05
59963.999052033134 9.0 3.0 0.9855028191507326 0.0004330642867979822 0.9790262528123743 1.0067333156586316 0.9856183456106472 -0.00011552645991463883
59963.99912751252 9.0 3.0 0.9856872715122686 0.00043305194186881997 0.9790285607180144 1.0067333638705882 0.985620716257027 6.655525524168482e-05
59963.999202991916 9.0 3.0 0.986442481215939 0.000433249432962519 0.9790308821570783 1.0067334120825495 0.9856231005281839 0.0008193806877551113
59963.999278471325 9.0 3.0 0.9861519743051229 0.0004331655355657178 0.9790332172282603 1.0067334602945202 0.9856254985234831 0.0005264757816397792
59963.99935395072 9.0 3.0 0.9855012907546886 0.0004329817424057542 0.9790355660302423 1.0067335085064817 0.985627910342255 -0.00012661958756643443
59963.99942943011 9.0 3.0 0.9869858568627676 0.0004334801179233091 0.9790379286639636 1.0067335567184383 0.9856303360861247 0.0013555207766429156
59963.99950490951 9.0 3.0 0.985697147197077 0.0004332268512814163 0.9790403052319826 1.0067336049304043 0.9856327758583572 6.437133871983747e-05
59963.99958038891 9.0 3.0 0.9854422966848576 0.00043312388185327464 0.9790426958368919 1.0067336531423703 0.9856352297622286 -0.00019293307737100474
59963.9996558683 9.0 3.0 0.9863593295382076 0.00043332112505153035 0.9790451005824661 1.006733701354327 0.9856376979022053 0.0007216316360022512
59963.99973134769 9.0 3.0 0.9852672637977813 0.0004330612546381225 0.9790475195748505 1.0067337495662885 0.9856401803851634 -0.00037291658738214384
59963.9998068271 9.0 3.0 0.9852209809772661 0.00043302337319786746 0.9790499529209691 1.006733797778259 0.985642677318753 -0.00042169634148692126
59963.999882306496 9.0 3.0 0.9852892126004968 0.000433052435648682 0.9790524007278215 1.0067338459902204 0.9856451888106782 -0.0003559762101813524
59963.99995778588 9.0 3.0 0.9860626266497415 0.00043316293072089896 0.9790548631048493 1.006733894202177 0.9856477149711244 0.00041491167861718026
59964.00003326528 9.0 3.0 0.9861367118300061 0.0004332619488310281 0.9790573401630354 1.0067339424141384 0.9856502559118328 0.0004864559181733119
59964.00010874469 9.0 3.0 0.9860206549235022 0.0004330551774332229 0.9790598320144503 1.006733990626109 0.9856528117456356 0.00036784317786664467
59964.00018422408 9.0 3.0 0.9863298472983653 0.0004332544526182505 0.9790623387712997 1.0067340388380703 0.9856553825854776 0.0006744647128876791
59964.00025970347 9.0 3.0 0.985770398140515 0.0004331370407513387 0.9790648605483481 1.0067340870500272 0.9856579685469034 0.00011242959361168481
59964.00033518286 9.0 3.0 0.9859850374467043 0.00043321846925412435 0.9790673974619984 1.0067341352619885 0.9856605697471106 0.00032446769959371125
59964.00041066227 9.0 3.0 0.9855003525558874 0.0004331006662325686 0.9790699496298298 1.0067341834739592 0.985663186304477 -0.00016283374858960808
59964.00048614166 9.0 3.0 0.9857560232876147 0.00043312606564926916 0.9790725171693739 1.0067342316859158 0.9856658183373053 9.020495030942488e-05
59964.000561621055 9.0 3.0 0.9856013579194336 0.0004330722400141928 0.9790751002018417 1.0067342798978771 0.985668465967643 -6.710804820941885e-05
59964.00063710045 9.0 3.0 0.986058089838236 0.00043315178274738297 0.9790776988486986 1.0067343281098384 0.9856711293177712 0.0003869605204647186
59964.00071257986 9.0 3.0 0.9860398156515633 0.000433239521069935 0.9790803132336767 1.0067343763218093 0.9856738085122673 0.0003660071392960207
