LC/1185/1o8/results/S5_wasp-107b_ap5_bg11_Table_Save_ch0.txt
# %ECSV 1.0
# ---
# datatype:
# - {name: time, datatype: float64}
# - {name: wavelength, datatype: float64}
# - {name: bin_width, datatype: float64}
# - {name: lcdata, datatype: float64}
# - {name: lcerr, datatype: float64}
# - {name: transit, datatype: float64}
# - {name: polynom, datatype: float64}
# - {name: model, datatype: float64}
# - {name: residuals, datatype: float64}
# schema: astropy-2.0
time wavelength bin_width lcdata lcerr transit polynom model residuals
[from data line 120]
59958.12206577066 3.25 0.75 1.0072322928837676 0.0003828419404212598 1.0 1.0075032620339237 1.0075032620339237 -0.00027096915015611955
59958.12229983577 3.25 0.75 1.0075799506683083 0.000382911252885225 1.0 1.0075028906916275 1.0075028906916275 7.705997668083775e-05
59958.12253390087 3.25 0.75 1.0071394540259855 0.0003827801941512206 1.0 1.0075025193493545 1.0075025193493545 -0.0003630653233690495
59958.12276796598 3.25 0.75 1.0076909921148807 0.0003828182370648908 1.0 1.0075021480070583 1.0075021480070583 0.00018884410782238348
59958.12300203108 3.25 0.75 1.0075162653049865 0.0003828744740346121 1.0 1.0075017766647736 1.0075017766647736 1.4488640212917403e-05
59958.123236096195 3.25 0.75 1.0074555473048312 0.00038286807664033575 1.0 1.0075014053224776 1.0075014053224776 -4.585801764633857e-05
59958.12347016129 3.25 0.75 1.0072927771473268 0.00038287969388195247 1.0 1.0075010339802044 1.0075010339802044 -0.00020825683287761798
59958.123704226404 3.25 0.75 1.0078536166726284 0.00038293212450675956 1.0 1.0075006626379082 1.0075006626379082 0.0003529540347202431
59958.12393829151 3.25 0.75 1.007482951716593 0.00038276367968283106 1.0 1.0075002912956235 1.0075002912956235 -1.73395790303843e-05
59958.12417235661 3.25 0.75 1.0072555541761883 0.0003828055468526882 1.0 1.007499919953339 1.007499919953339 -0.0002443657771507013
59958.12440642172 3.25 0.75 1.0073925208951395 0.0003827933284620691 1.0 1.0074995486110543 1.0074995486110543 -0.00010702771591475368
59958.12464048683 3.25 0.75 1.0075744766292494 0.00038295539946257953 1.0 1.007499177268758 1.007499177268758 7.529936049133212e-05
59958.12487455193 3.25 0.75 1.0068916665046337 0.0003827654702792932 1.0 1.0074988059264733 1.0074988059264733 -0.0006071394218396531
59958.12510861704 3.25 0.75 1.0067366971357643 0.00038272929135555335 1.0 1.0074984345841889 1.0074984345841889 -0.0007617374484245598
59958.12534268214 3.25 0.75 1.00758374593041 0.00038287764786129207 1.0 1.0074980632419042 1.0074980632419042 8.568268850583927e-05
59958.12557674725 3.25 0.75 1.0077805945931668 0.000382899902933279 1.0 1.0074976918996195 1.0074976918996195 0.00028290269354736
59958.12581081235 3.25 0.75 1.008481233751049 0.0003829656859850537 1.0 1.007497320557335 1.007497320557335 0.0009839131937139367
59958.12604487746 3.25 0.75 1.0070550692932143 0.00038280790772817185 1.0 1.0074969492150387 1.0074969492150387 -0.0004418799218244285
59958.12627894257 3.25 0.75 1.0071496194212382 0.0003827673476664514 1.0 1.007496577872754 1.007496577872754 -0.00034695845151588856
59958.126513007664 3.25 0.75 1.0075582605237878 0.00038280385148153516 1.0 1.0074962065304809 1.0074962065304809 6.205399330694306e-05
59958.126747072776 3.25 0.75 1.0079253928565743 0.0003830026396330004 1.0 1.0074958351881849 1.0074958351881849 0.00042955766838947973
59958.12698113789 3.25 0.75 1.0074804416803111 0.00038280259656585375 1.0 1.0074954638458886 1.0074954638458886 -1.5022165577471824e-05
59958.127215202985 3.25 0.75 1.0070214990139115 0.0003828797345708278 1.0 1.0074950925036155 1.0074950925036155 -0.00047359348970399395
59958.12744926809 3.25 0.75 1.0076085248863742 0.00038282809406172953 1.0 1.0074947211613308 1.0074947211613308 0.00011380372504343761
59958.1276833332 3.25 0.75 1.0071182513495571 0.0003828098008853494 1.0 1.0074943498190347 1.0074943498190347 -0.00037609846947761483
59958.127917398306 3.25 0.75 1.0073694070175205 0.0003827953279789412 1.0 1.00749397847675 1.00749397847675 -0.00012457145922950552
59958.12815146341 3.25 0.75 1.0072996863327035 0.00038280743703616847 1.0 1.0074936071344653 1.0074936071344653 -0.00019392080176183768
59958.128385528515 3.25 0.75 1.0079454949343019 0.0003828317928834239 1.0 1.0074932357921809 1.0074932357921809 0.00045225914212099205
59958.12861959362 3.25 0.75 1.007559694014798 0.0003827507515508846 1.0 1.0074928644498962 1.0074928644498962 6.682956490178249e-05
59958.12885365873 3.25 0.75 1.007346716898708 0.00038284165864496434 1.0 1.0074924931076 1.0074924931076 -0.00014577620889189014
59958.129087723835 3.25 0.75 1.0073279283318857 0.0003827769878041454 1.0 1.0074921217653152 1.0074921217653152 -0.00016419343342954917
59958.12932178893 3.25 0.75 1.0071830718829646 0.000382787122038947 1.0 1.0074917504230423 1.0074917504230423 -0.00030867854007765594
59958.129555854044 3.25 0.75 1.0072519524680985 0.00038278848997725897 1.0 1.007491379080746 1.007491379080746 -0.00023942661264753085
59958.129789919156 3.25 0.75 1.007697458669443 0.00038283958249826924 1.0 1.0074910077384498 1.0074910077384498 0.0002064509309931406
59958.13002398425 3.25 0.75 1.0076853458537764 0.00038285502422039124 1.0 1.0074906363961766 1.0074906363961766 0.0001947094575998065
59958.13025804936 3.25 0.75 1.0079971892683979 0.00038295657632524664 1.0 1.0074902650538922 1.0074902650538922 0.0005069242145057107
59958.13049211447 3.25 0.75 1.0071068274229353 0.00038263363222947137 1.0 1.007489893711596 1.007489893711596 -0.0003830662886605829
59958.13072617957 3.25 0.75 1.0070832264820124 0.0003827358937823241 1.0 1.0074895223693228 1.0074895223693228 -0.0004062958873103373
59958.13096024468 3.25 0.75 1.0077040842570626 0.00038286848420157333 1.0 1.0074891510270267 1.0074891510270267 0.00021493323003585196
59958.131194309775 3.25 0.75 1.0075458081485473 0.00038277856703027436 1.0 1.0074887796847536 1.0074887796847536 5.702846379374016e-05
59958.13142837489 3.25 0.75 1.0074719053699883 0.00038292030013473957 1.0 1.0074884083424573 1.0074884083424573 -1.6502972469023547e-05
59958.13166243999 3.25 0.75 1.0075757405056252 0.0003828140076810415 1.0 1.0074880370001726 1.0074880370001726 8.770350545250771e-05
59958.131896505096 3.25 0.75 1.0076190918144823 0.00038279723755808495 1.0 1.0074876656578882 1.0074876656578882 0.0001314261565941166
59958.1321305702 3.25 0.75 1.0072524134153003 0.0003827810578973598 1.0 1.0074872943156035 1.0074872943156035 -0.00023488090030321374
59958.13236463531 3.25 0.75 1.0071295769335464 0.00038271877067549075 1.0 1.0074869229733072 1.0074869229733072 -0.0003573460397607864
59958.13259870041 3.25 0.75 1.007133176611191 0.00038285702588431456 1.0 1.007486551631034 1.007486551631034 -0.00035337501984300523
59958.13283276552 3.25 0.75 1.007130985879512 0.0003827500094936364 1.0 1.007486180288738 1.007486180288738 -0.00035519440922593404
59958.13306683062 3.25 0.75 1.007285942186695 0.00038280394781198073 1.0 1.007485808946465 1.007485808946465 -0.00019986675976979562
59958.13330089573 3.25 0.75 1.0072371172939658 0.00038285423635239183 1.0 1.0074854376041686 1.0074854376041686 -0.00024832031020283196
59958.133534960834 3.25 0.75 1.0074226145787926 0.00038276675085327337 1.0 1.0074850662618842 1.0074850662618842 -6.24516830916022e-05
59958.13376902594 3.25 0.75 1.0074185303947933 0.00038278531221014626 1.0 1.0074846949195995 1.0074846949195995 -6.616452480612267e-05
59958.13400309104 3.25 0.75 1.0078748523052299 0.0003828950597469389 1.0 1.0074843235773148 1.0074843235773148 0.00039052872791511817
59958.13423715615 3.25 0.75 1.0075377672985775 0.0003827849367880351 1.0 1.00748395223503 1.00748395223503 5.3815063547402175e-05
59958.13447122125 3.25 0.75 1.0069278461288842 0.0003826763379997651 1.0 1.0074835808927456 1.0074835808927456 -0.000555734763861393
59958.134705286364 3.25 0.75 1.0078418326993142 0.00038290426119871006 1.0 1.0074832095504493 1.0074832095504493 0.0003586231488648117
59958.13493935146 3.25 0.75 1.00786145694111 0.0003828800472825491 1.0 1.0074828382081762 1.0074828382081762 0.00037861873293376647
59958.13517341657 3.25 0.75 1.0073529718159515 0.0003828145206944909 1.0 1.00748246686588 1.00748246686588 -0.00012949504992842975
59958.13540748167 3.25 0.75 1.0076124414078127 0.0003827635753702669 1.0 1.007482095523607 1.007482095523607 0.00013034588420568483
59958.13564154678 3.25 0.75 1.0077881043850085 0.00038285570960860027 1.0 1.0074817241813108 1.0074817241813108 0.00030638020369777585
59958.13587561188 3.25 0.75 1.0072692425645016 0.0003828383490833168 1.0 1.0074813528390376 1.0074813528390376 -0.00021211027453604814
59958.13610967699 3.25 0.75 1.0072605883978492 0.0003828531052026625 1.0 1.0074809814967416 1.0074809814967416 -0.0002203930988924352
59958.136343742095 3.25 0.75 1.0075310049109167 0.00038281390517616007 1.0 1.007480610154457 1.007480610154457 5.0394756459848367e-05
59958.1365778072 3.25 0.75 "" "" 1.0 1.0074802388121722 1.0074802388121722 ""
59958.136811872304 3.25 0.75 1.007291116165251 0.00038278147671422913 1.0 1.0074798674698875 1.0074798674698875 -0.00018875130463658074
59958.13704593741 3.25 0.75 1.007650204109103 0.0003827872544431033 1.0 1.007479496127603 1.007479496127603 0.00017070798150009558
59958.13728000251 3.25 0.75 1.0069836734470963 0.0003827278183699969 1.0 1.0074791247853183 1.0074791247853183 -0.0004954513382220416
59958.13751406762 3.25 0.75 1.0076966351387162 0.0003828066544825565 1.0 1.0074787534430336 1.0074787534430336 0.00021788169568259796
59958.13774813272 3.25 0.75 1.0079769402896892 0.00038285362808980196 1.0 1.007478382100749 1.007478382100749 0.0004985581889402901
59958.13798219783 3.25 0.75 1.0078458986036716 0.0003829711962592865 1.0 1.007478010758453 1.007478010758453 0.000367887845218684
59958.13821626293 3.25 0.75 1.0075930365132353 0.00038292057129340925 1.0 1.0074776394161797 1.0074776394161797 0.00011539709705554735
59958.13845032804 3.25 0.75 1.0070171217676194 0.0003827742661913559 1.0 1.0074772680738835 1.0074772680738835 -0.0004601463062641198
59958.13868439314 3.25 0.75 1.0074713456682465 0.00038287553118039635 1.0 1.0074768967316103 1.0074768967316103 -5.551063363862241e-06
59958.138918458244 3.25 0.75 1.0079014607960344 0.00038290163474378905 1.0 1.0074765253893259 1.0074765253893259 0.0004249354067085154
59958.13915252335 3.25 0.75 1.007153209536885 0.00038278957880659843 1.0 1.0074761540470412 1.0074761540470412 -0.00032294451015624226
59958.13938658846 3.25 0.75 1.0070132619763223 0.0003827455445569691 1.0 1.007475782704745 1.007475782704745 -0.0004625207284225663
59958.13962065356 3.25 0.75 1.0073340362856025 0.0003829108076342989 1.0 1.007475411362472 1.007475411362472 -0.0001413750768695099
59958.13985471866 3.25 0.75 1.0074372011641914 0.0003827437208577043 1.0 1.0074750400201873 1.0074750400201873 -3.7838855995842025e-05
59958.140088783766 3.25 0.75 1.0069370049552568 0.00038270558226323096 1.0 1.0074746686779026 1.0074746686779026 -0.0005376637226457426
59958.14032284888 3.25 0.75 1.0067611069323925 0.00038280118450310577 1.0 1.0074742973356063 1.0074742973356063 -0.0007131904032138259
59958.140556913975 3.25 0.75 1.0074562073854283 0.00038277781204263745 1.0 1.0074739259933334 1.0074739259933334 -1.7718607905115036e-05
59958.14079097908 3.25 0.75 1.0080026620917475 0.00038292558001716553 1.0 1.0074735546510487 1.0074735546510487 0.0005291074406987839
59958.141025044184 3.25 0.75 1.0072235517064696 0.0003828451343540416 1.0 1.007473183308764 1.007473183308764 -0.00024963160229440895
59958.141259109296 3.25 0.75 1.0072593589630947 0.00038277375180379244 1.0 1.0074728119664678 1.0074728119664678 -0.00021345300337305417
59958.1414931744 3.25 0.75 1.0070693825927712 0.0003827605140555571 1.0 1.0074724406241833 1.0074724406241833 -0.0004030580314120513
59958.1417272395 3.25 0.75 1.0074402840610905 0.00038285622180657066 1.0 1.0074720692819101 1.0074720692819101 -3.178522081959123e-05
59958.14196130461 3.25 0.75 1.006944398122392 0.000382858134152432 1.0 1.0074716979396139 1.0074716979396139 -0.0005272998172218823
59958.14219536971 3.25 0.75 1.00712330850984 0.0003826611779402225 1.0 1.0074713265973294 1.0074713265973294 -0.0003480180874892991
59958.14242943482 3.25 0.75 1.007282936908544 0.00038273715534179793 1.0 1.0074709552550447 1.0074709552550447 -0.000188018346500618
59958.142663499915 3.25 0.75 1.007578594784384 0.0003828220245830914 1.0 1.0074705839127716 1.0074705839127716 0.00010801087161249612
59958.14289756503 3.25 0.75 1.0066826983690176 0.0003827707014166643 1.0 1.0074702125704753 1.0074702125704753 -0.0007875142014577285
59958.14313163013 3.25 0.75 1.007324999352368 0.0003828382394751672 1.0 1.0074698412281908 1.0074698412281908 -0.00014484187582275432
59958.143365695236 3.25 0.75 1.00801195548254 0.00038299251491101044 1.0 1.0074694698859061 1.0074694698859061 0.0005424855966338349
59958.14359976033 3.25 0.75 1.0078252454359575 0.0003828544160627336 1.0 1.007469098543633 1.007469098543633 0.0003561468923245492
59958.143833825445 3.25 0.75 1.0074765672274655 0.0003828003536545475 1.0 1.0074687272013367 1.0074687272013367 7.840026128747013e-06
59958.14406789055 3.25 0.75 1.007668275868944 0.00038306514423587995 1.0 1.0074683558590523 1.0074683558590523 0.00019992000989166314
59958.14430195565 3.25 0.75 1.0072072996707395 0.0003826919977798397 1.0 1.007467984516779 1.007467984516779 -0.00026068484603958275
59958.14453602075 3.25 0.75 1.006934978466205 0.0003827015749790624 1.0 1.0074676131744944 1.0074676131744944 -0.0005326347082894589
59958.144770085855 3.25 0.75 1.0082483844097954 0.0003829328084485183 1.0 1.0074672418322097 1.0074672418322097 0.0007811425775856584
59958.14500415096 3.25 0.75 1.007351553515555 0.00038275538328311844 1.0 1.0074668704899252 1.0074668704899252 -0.00011531697437017208
59958.145238216064 3.25 0.75 1.0078640066069913 0.0003829408367449173 1.0 1.0074664991476405 1.0074664991476405 0.0003975074593507433
59958.14547228117 3.25 0.75 1.0075104682216003 0.0003827864050525747 1.0 1.0074661278053558 1.0074661278053558 4.434041624445939e-05
59958.14570634627 3.25 0.75 1.0077845406908774 0.0003828708727218122 1.0 1.0074657564630713 1.0074657564630713 0.0003187842278060682
59958.14594041138 3.25 0.75 1.0080300573826388 0.00038289257492433635 1.0 1.0074653851207866 1.0074653851207866 0.0005646722618521949
59958.14617447648 3.25 0.75 1.0076158829399664 0.0003829020517080926 1.0 1.007465013778502 1.007465013778502 0.00015086916146445084
59958.14640854159 3.25 0.75 1.007404789845277 0.0003827876183618624 1.0 1.0074646424362173 1.0074646424362173 -5.985259094032358e-05
59958.14664260669 3.25 0.75 1.0079144195594198 0.00038297733199253937 1.0 1.0074642710939328 1.0074642710939328 0.0004501484654870769
59958.146876671795 3.25 0.75 1.0079359468701952 0.0003828366507713192 1.0 1.007463899751648 1.007463899751648 0.000472047118547092
59958.1471107369 3.25 0.75 1.0079602211253498 0.0003829807779913319 1.0 1.0074635284093634 1.0074635284093634 0.0004966927159864021
59958.147344802004 3.25 0.75 1.007137375650874 0.00038266201072026276 1.0 1.0074631570670787 1.0074631570670787 -0.0003257814162047623
59958.14757886711 3.25 0.75 1.0078381273178276 0.0003828632291855583 1.0 1.0074627857247942 1.0074627857247942 0.0003753415930334292
59958.147812932206 3.25 0.75 1.0073336768806016 0.00038285152775881205 1.0 1.007462414382521 1.007462414382521 -0.00012873750191944033
59958.14804699732 3.25 0.75 1.0074778369437407 0.00038295345615194847 1.0 1.0074620430402248 1.0074620430402248 1.579390351591492e-05
59958.148281062415 3.25 0.75 1.0075875512676238 0.000382899633070563 1.0 1.0074616716979519 1.0074616716979519 0.00012587956967191616
59958.14851512753 3.25 0.75 1.0071713227239116 0.00038269989639378094 1.0 1.0074613003556556 1.0074613003556556 -0.0002899776317439873
59958.148749192624 3.25 0.75 1.00700521186378 0.0003828540961058826 1.0 1.0074609290133825 1.0074609290133825 -0.0004557171496024637
59958.148983257735 3.25 0.75 1.0072174738677342 0.0003828389943266165 1.0 1.0074605576710862 1.0074605576710862 -0.00024308380335202884
59958.14921732283 3.25 0.75 1.0080373933117677 0.0003828579700991231 1.0 1.0074601863288133 1.0074601863288133 0.0005772069829543813
59958.14945138794 3.25 0.75 1.0080031264600458 0.00038290201098541984 1.0 1.0074598149865286 1.0074598149865286 0.0005433114735171607
59958.14968545304 3.25 0.75 1.007035154264143 0.00038285439692999594 1.0 1.007459443644244 1.007459443644244 -0.00042428938010097283
