LC/1185/1o8/results/S5_wasp-107b_ap5_bg11_Table_Save_white.txt
# %ECSV 1.0
# ---
# datatype:
# - {name: time, datatype: float64}
# - {name: wavelength, datatype: float64}
# - {name: bin_width, datatype: float64}
# - {name: lcdata, datatype: float64}
# - {name: lcerr, datatype: float64}
# - {name: transit, datatype: float64}
# - {name: polynom, datatype: float64}
# - {name: model, datatype: float64}
# - {name: residuals, datatype: float64}
# schema: astropy-2.0
time wavelength bin_width lcdata lcerr transit polynom model residuals
[from data line 120]
59958.12206577066 3.25 0.75 1.0072322928837676 0.0003801568202303188 1.0 1.0075049662382505 1.0075049662382505 -0.00027267335448288854
59958.12229983577 3.25 0.75 1.0075799506683083 0.0003802256465607735 1.0 1.0075045954994764 1.0075045954994764 7.53551688319476e-05
59958.12253390087 3.25 0.75 1.0071394540259855 0.00038009550702713805 1.0 1.0075042247607255 1.0075042247607255 -0.00036477073474006083
59958.12276796598 3.25 0.75 1.0076909921148807 0.00038013328312104576 1.0 1.0075038540219514 1.0075038540219514 0.000187138092929251
59958.12300203108 3.25 0.75 1.0075162653049865 0.00038018912566422454 1.0 1.007503483283189 1.007503483283189 1.27820217974417e-05
59958.123236096195 3.25 0.75 1.0074555473048312 0.0003801827731390462 1.0 1.007503112544415 1.007503112544415 -4.756523958371339e-05
59958.12347016129 3.25 0.75 1.0072927771473268 0.0003801943089013715 1.0 1.0075027418056641 1.0075027418056641 -0.00020996465833733602
59958.123704226404 3.25 0.75 1.0078536166726284 0.00038024637179601524 1.0 1.00750237106689 1.00750237106689 0.0003512456057384039
59958.12393829151 3.25 0.75 1.007482951716593 0.00038007910838548485 1.0 1.0075020003281276 1.0075020003281276 -1.9048611534566717e-05
59958.12417235661 3.25 0.75 1.0072555541761883 0.00038012068191357694 1.0 1.007501629589365 1.007501629589365 -0.00024607541317678283
59958.12440642172 3.25 0.75 1.0073925208951395 0.0003801085492184993 1.0 1.0075012588506027 1.0075012588506027 -0.00010873795546317844
59958.12464048683 3.25 0.75 1.0075744766292494 0.00038026948350939173 1.0 1.0075008881118286 1.0075008881118286 7.35885174207862e-05
59958.12487455193 3.25 0.75 1.0068916665046337 0.0003800808864233263 1.0 1.0075005173730662 1.0075005173730662 -0.0006088508684325422
59958.12510861704 3.25 0.75 1.0067366971357643 0.000380044961245972 1.0 1.0075001466343037 1.0075001466343037 -0.0007634494985393481
59958.12534268214 3.25 0.75 1.00758374593041 0.00038019227723078825 1.0 1.0074997758955413 1.0074997758955413 8.39700348687078e-05
59958.12557674725 3.25 0.75 1.0077805945931668 0.00038021437621344216 1.0 1.0074994051567787 1.0074994051567787 0.00028118943638810734
59958.12581081235 3.25 0.75 1.008481233751049 0.0003802796978857756 1.0 1.0074990344180164 1.0074990344180164 0.000982199333032563
59958.12604487746 3.25 0.75 1.0070550692932143 0.00038012302623070127 1.0 1.0074986636792422 1.0074986636792422 -0.00044359438602792345
59958.12627894257 3.25 0.75 1.0071496194212382 0.0003800827506431441 1.0 1.0074982929404799 1.0074982929404799 -0.00034867351924172674
59958.126513007664 3.25 0.75 1.0075582605237878 0.0003801189984331674 1.0 1.0074979222017288 1.0074979222017288 6.0338322058983707e-05
59958.126747072776 3.25 0.75 1.0079253928565743 0.00038031639235369067 1.0 1.007497551462955 1.007497551462955 0.0004278413936193992
59958.12698113789 3.25 0.75 1.0074804416803111 0.00038011775231902806 1.0 1.0074971807241808 1.0074971807241808 -1.673904386967351e-05
59958.127215202985 3.25 0.75 1.0070214990139115 0.00038019434930486925 1.0 1.00749680998543 1.00749680998543 -0.00047531097151853885
59958.12744926809 3.25 0.75 1.0076085248863742 0.0003801430709843376 1.0 1.0074964392466674 1.0074964392466674 0.00011208563970677154
59958.1276833332 3.25 0.75 1.0071182513495571 0.000380124906109933 1.0 1.0074960685078935 1.0074960685078935 -0.00037781715833640206
59958.127917398306 3.25 0.75 1.0073694070175205 0.0003801105347114556 1.0 1.007495697769131 1.007495697769131 -0.00012629075161041392
59958.12815146341 3.25 0.75 1.0072996863327035 0.00038012255883996784 1.0 1.0074953270303686 1.0074953270303686 -0.0001956406976650893
59958.128385528515 3.25 0.75 1.0079454949343019 0.0003801467438637833 1.0 1.007494956291606 1.007494956291606 0.0004505386426958413
59958.12861959362 3.25 0.75 1.007559694014798 0.0003800662709269585 1.0 1.0074945855528437 1.0074945855528437 6.510846195428854e-05
59958.12885365873 3.25 0.75 1.007346716898708 0.0003801565404303043 1.0 1.0074942148140695 1.0074942148140695 -0.00014749791536150525
59958.129087723835 3.25 0.75 1.0073279283318857 0.0003800923231682658 1.0 1.0074938440753072 1.0074938440753072 -0.0001659157434215075
59958.12932178893 3.25 0.75 1.0071830718829646 0.0003801023863250699 1.0 1.0074934733365561 1.0074934733365561 -0.0003104014535915134
59958.129555854044 3.25 0.75 1.0072519524680985 0.00038010374466913844 1.0 1.0074931025977822 1.0074931025977822 -0.0002411501296837315
59958.129789919156 3.25 0.75 1.007697458669443 0.0003801544788449799 1.0 1.0074927318590081 1.0074927318590081 0.00020472681043481877
59958.13002398425 3.25 0.75 1.0076853458537764 0.00038016981226423463 1.0 1.0074923611202573 1.0074923611202573 0.00019298473351914147
59958.13025804936 3.25 0.75 1.0079971892683979 0.0003802706521179535 1.0 1.0074919903814947 1.0074919903814947 0.0005051988869031465
59958.13049211447 3.25 0.75 1.0071068274229353 0.0003799499730397234 1.0 1.0074916196427208 1.0074916196427208 -0.0003847922197854903
59958.13072617957 3.25 0.75 1.0070832264820124 0.00038005151736561824 1.0 1.0074912489039698 1.0074912489039698 -0.0004080224219573658
59958.13096024468 3.25 0.75 1.0077040842570626 0.000380183177841791 1.0 1.007490878165196 1.007490878165196 0.00021320609186670225
59958.131194309775 3.25 0.75 1.0075458081485473 0.0003800938913182521 1.0 1.0074905074264449 1.0074905074264449 5.530072210246928e-05
59958.13142837489 3.25 0.75 1.0074719053699883 0.00038023463035602727 1.0 1.007490136687671 1.007490136687671 -1.8231317682637638e-05
59958.13166243999 3.25 0.75 1.0075757405056252 0.0003801290834006235 1.0 1.0074897659489084 1.0074897659489084 8.597455671677245e-05
59958.131896505096 3.25 0.75 1.0076190918144823 0.0003801124308974755 1.0 1.007489395210146 1.007489395210146 0.00012969660433626018
59958.1321305702 3.25 0.75 1.0072524134153003 0.0003800963647152623 1.0 1.0074890244713834 1.0074890244713834 -0.00023661105608319133
59958.13236463531 3.25 0.75 1.0071295769335464 0.00038003451435429956 1.0 1.0074886537326095 1.0074886537326095 -0.0003590767990631072
59958.13259870041 3.25 0.75 1.007133176611191 0.0003801717998891835 1.0 1.0074882829938585 1.0074882829938585 -0.0003551063826674472
59958.13283276552 3.25 0.75 1.007130985879512 0.0003800655340742418 1.0 1.0074879122550846 1.0074879122550846 -0.0003569263755724972
59958.13306683062 3.25 0.75 1.007285942186695 0.00038011909408798474 1.0 1.0074875415163336 1.0074875415163336 -0.00020159932963847993
59958.13330089573 3.25 0.75 1.0072371172939658 0.0003801690299220673 1.0 1.0074871707775597 1.0074871707775597 -0.0002500534835938595
59958.133534960834 3.25 0.75 1.0074226145787926 0.00038008215801580607 1.0 1.007486800038797 1.007486800038797 -6.418546000452885e-05
59958.13376902594 3.25 0.75 1.0074185303947933 0.0003801005891897788 1.0 1.0074864293000347 1.0074864293000347 -6.789890524139253e-05
59958.13400309104 3.25 0.75 1.0078748523052299 0.0003802095669955262 1.0 1.0074860585612722 1.0074860585612722 0.00038879374395772714
59958.13423715615 3.25 0.75 1.0075377672985775 0.00038010021640074777 1.0 1.0074856878225098 1.0074856878225098 5.207947606766794e-05
59958.13447122125 3.25 0.75 1.0069278461288842 0.0003799923792866004 1.0 1.0074853170837472 1.0074853170837472 -0.0005574709548630263
59958.134705286364 3.25 0.75 1.0078418326993142 0.0003802187039115156 1.0 1.0074849463449733 1.0074849463449733 0.00035688635434083515
59958.13493935146 3.25 0.75 1.00786145694111 0.0003801946598233393 1.0 1.0074845756062223 1.0074845756062223 0.00037688133488766873
59958.13517341657 3.25 0.75 1.0073529718159515 0.000380129592815975 1.0 1.0074842048674484 1.0074842048674484 -0.0001312330514968707
59958.13540748167 3.25 0.75 1.0076124414078127 0.00038007900480453277 1.0 1.0074838341286974 1.0074838341286974 0.00012860727911534475
59958.13564154678 3.25 0.75 1.0077881043850085 0.0003801704928453692 1.0 1.0074834633899235 1.0074834633899235 0.00030464099508509257
59958.13587561188 3.25 0.75 1.0072692425645016 0.0003801532540807709 1.0 1.0074830926511724 1.0074830926511724 -0.0002138500866708526
59958.13610967699 3.25 0.75 1.0072605883978492 0.00038016790670582863 1.0 1.0074827219123985 1.0074827219123985 -0.0002221335145493608
59958.136343742095 3.25 0.75 1.0075310049109167 0.00038012898161467564 1.0 1.007482351173636 1.007482351173636 4.865373728080158e-05
59958.1365778072 3.25 0.75 "" "" 1.0 1.0074819804348734 1.0074819804348734 ""
59958.136811872304 3.25 0.75 1.007291116165251 0.0003800967805946958 1.0 1.007481609696111 1.007481609696111 -0.0001904935308600919
59958.13704593741 3.25 0.75 1.007650204109103 0.0003801025178005895 1.0 1.0074812389573484 1.0074812389573484 0.0001689651517546853
59958.13728000251 3.25 0.75 1.0069836734470963 0.00038004349859142384 1.0 1.007480868218586 1.007480868218586 -0.0004971947714897951
59958.13751406762 3.25 0.75 1.0076966351387162 0.0003801217817749147 1.0 1.0074804974798235 1.0074804974798235 0.0002161376588927233
59958.13774813272 3.25 0.75 1.0079769402896892 0.00038016842592561965 1.0 1.0074801267410611 1.0074801267410611 0.0004968135486280723
59958.13798219783 3.25 0.75 1.0078458986036716 0.0003802851695128618 1.0 1.007479756002287 1.007479756002287 0.000366142601384567
59958.13821626293 3.25 0.75 1.0075930365132353 0.0003802348996128843 1.0 1.0074793852635362 1.0074793852635362 0.00011365124969908713
59958.13845032804 3.25 0.75 1.0070171217676194 0.0003800896206439217 1.0 1.007479014524762 1.007479014524762 -0.00046189275714270117
59958.13868439314 3.25 0.75 1.0074713456682465 0.000380190175395556 1.0 1.0074786437860113 1.0074786437860113 -7.298117764786838e-06
59958.138918458244 3.25 0.75 1.0079014607960344 0.00038021609587763575 1.0 1.0074782730472487 1.0074782730472487 0.00042318774878569165
59958.13915252335 3.25 0.75 1.007153209536885 0.00038010482586180763 1.0 1.0074779023084863 1.0074779023084863 -0.0003246927716014092
59958.13938658846 3.25 0.75 1.0070132619763223 0.0003800611004530871 1.0 1.0074775315697122 1.0074775315697122 -0.0004642695933898544
59958.13962065356 3.25 0.75 1.0073340362856025 0.0003802252044326825 1.0 1.0074771608309614 1.0074771608309614 -0.00014312454535891916
59958.13985471866 3.25 0.75 1.0074372011641914 0.0003800592895446145 1.0 1.0074767900921988 1.0074767900921988 -3.958892800737246e-05
59958.140088783766 3.25 0.75 1.0069370049552568 0.0003800214184409755 1.0 1.0074764193534365 1.0074764193534365 -0.0005394143981796162
59958.14032284888 3.25 0.75 1.0067611069323925 0.000380116350159997 1.0 1.0074760486146623 1.0074760486146623 -0.0007149416822698207
59958.140556913975 3.25 0.75 1.0074562073854283 0.0003800931416258358 1.0 1.0074756778759115 1.0074756778759115 -1.9470490483231018e-05
59958.14079097908 3.25 0.75 1.0080026620917475 0.0003802398732071946 1.0 1.007475307137149 1.007475307137149 0.0005273549545985468
59958.141025044184 3.25 0.75 1.0072235517064696 0.0003801599917619672 1.0 1.0074749363983866 1.0074749363983866 -0.0002513846919169893
59958.141259109296 3.25 0.75 1.0072593589630947 0.00038008910986409364 1.0 1.0074745656596125 1.0074745656596125 -0.0002152066965177557
59958.1414931744 3.25 0.75 1.0070693825927712 0.0003800759649608194 1.0 1.00747419492085 1.00747419492085 -0.000404812328078874
59958.1417272395 3.25 0.75 1.0074402840610905 0.0003801710014509612 1.0 1.007473824182099 1.007473824182099 -3.3540121008535095e-05
59958.14196130461 3.25 0.75 1.006944398122392 0.0003801729003842939 1.0 1.0074734534433252 1.0074734534433252 -0.0005290553209331694
59958.14219536971 3.25 0.75 1.00712330850984 0.00037997732555444173 1.0 1.0074730827045626 1.0074730827045626 -0.0003497741947224853
59958.14242943482 3.25 0.75 1.007282936908544 0.00038005277007695275 1.0 1.0074727119658002 1.0074727119658002 -0.0001897750572561474
59958.142663499915 3.25 0.75 1.007578594784384 0.0003801370440749112 1.0 1.0074723412270492 1.0074723412270492 0.00010625355733484554
59958.14289756503 3.25 0.75 1.0066826983690176 0.00038008608087131964 1.0 1.0074719704882753 1.0074719704882753 -0.0007892721192577223
59958.14313163013 3.25 0.75 1.007324999352368 0.0003801531452413747 1.0 1.0074715997495127 1.0074715997495127 -0.00014660039714464723
59958.143365695236 3.25 0.75 1.00801195548254 0.0003803063386429787 1.0 1.0074712290107501 1.0074712290107501 0.0005407264717898208
59958.14359976033 3.25 0.75 1.0078252454359575 0.0003801692083719832 1.0 1.0074708582719993 1.0074708582719993 0.0003543871639581919
59958.143833825445 3.25 0.75 1.0074765672274655 0.0003801155251387215 1.0 1.0074704875332252 1.0074704875332252 6.079694240268552e-06
59958.14406789055 3.25 0.75 1.007668275868944 0.00038037845857102914 1.0 1.0074701167944629 1.0074701167944629 0.0001981590744810635
59958.14430195565 3.25 0.75 1.0072072996707395 0.00038000792923442516 1.0 1.0074697460557118 1.0074697460557118 -0.00026244638497230355
59958.14453602075 3.25 0.75 1.006934978466205 0.0003800174392625041 1.0 1.0074693753169495 1.0074693753169495 -0.0005343968507445229
59958.144770085855 3.25 0.75 1.0082483844097954 0.00038024705094084443 1.0 1.0074690045781869 1.0074690045781869 0.0007793798316084732
59958.14500415096 3.25 0.75 1.007351553515555 0.00038007087017383374 1.0 1.0074686338394245 1.0074686338394245 -0.00011708032386947842
59958.145238216064 3.25 0.75 1.0078640066069913 0.0003802550229295652 1.0 1.007468263100662 1.007468263100662 0.00039574350632931576
59958.14547228117 3.25 0.75 1.0075104682216003 0.00038010167436739064 1.0 1.0074678923618996 1.0074678923618996 4.257585970068867e-05
59958.14570634627 3.25 0.75 1.0077845406908774 0.00038018554960977984 1.0 1.007467521623137 1.007467521623137 0.00031701906774039834
59958.14594041138 3.25 0.75 1.0080300573826388 0.000380207099600605 1.0 1.0074671508843747 1.0074671508843747 0.0005629064982641818
59958.14617447648 3.25 0.75 1.0076158829399664 0.0003802165099174967 1.0 1.007466780145612 1.007466780145612 0.00014910279435431661
59958.14640854159 3.25 0.75 1.007404789845277 0.0003801028791669491 1.0 1.0074664094068497 1.0074664094068497 -6.161956157280102e-05
59958.14664260669 3.25 0.75 1.0079144195594198 0.00038029126221221613 1.0 1.0074660386680871 1.0074660386680871 0.0004483808913327003
59958.146876671795 3.25 0.75 1.0079359468701952 0.00038015156768014287 1.0 1.0074656679293248 1.0074656679293248 0.00047027894087037225
59958.1471107369 3.25 0.75 1.0079602211253498 0.0003802946840419718 1.0 1.0074652971905622 1.0074652971905622 0.0004949239347875611
59958.147344802004 3.25 0.75 1.007137375650874 0.00037997815249365247 1.0 1.0074649264517999 1.0074649264517999 -0.00032755080092594646
59958.14757886711 3.25 0.75 1.0078381273178276 0.00038017795968263023 1.0 1.0074645557130373 1.0074645557130373 0.0003735716047903459
59958.147812932206 3.25 0.75 1.0073336768806016 0.00038016634032562064 1.0 1.0074641849742862 1.0074641849742862 -0.00013050809368464478
59958.14804699732 3.25 0.75 1.0074778369437407 0.00038026755382846545 1.0 1.0074638142355123 1.0074638142355123 1.4022708228367264e-05
59958.148281062415 3.25 0.75 1.0075875512676238 0.0003802141082434494 1.0 1.0074634434967613 1.0074634434967613 0.00012410777086246938
59958.14851512753 3.25 0.75 1.0071713227239116 0.00038001577245023587 1.0 1.0074630727579874 1.0074630727579874 -0.00029175003407577726
59958.148749192624 3.25 0.75 1.00700521186378 0.00038016889065919826 1.0 1.0074627020192364 1.0074627020192364 -0.00045749015545637484
59958.148983257735 3.25 0.75 1.0072174738677342 0.00038015389479855854 1.0 1.0074623312804625 1.0074623312804625 -0.0002448574127282832
59958.14921732283 3.25 0.75 1.0080373933117677 0.00038017273748159784 1.0 1.0074619605417114 1.0074619605417114 0.0005754327700562278
59958.14945138794 3.25 0.75 1.0080031264600458 0.00038021646948043864 1.0 1.007461589802949 1.007461589802949 0.000541536657096664
59958.14968545304 3.25 0.75 1.007035154264143 0.00038016918937343596 1.0 1.0074612190641865 1.0074612190641865 -0.0004260648000435907
