LC/1185/1o8/results/S5_wasp-107b_ap5_bg11_Table_Save_white.txt
# %ECSV 1.0
# ---
# datatype:
# - {name: time, datatype: float64}
# - {name: wavelength, datatype: float64}
# - {name: bin_width, datatype: float64}
# - {name: lcdata, datatype: float64}
# - {name: lcerr, datatype: float64}
# - {name: transit, datatype: float64}
# - {name: polynom, datatype: float64}
# - {name: model, datatype: float64}
# - {name: residuals, datatype: float64}
# schema: astropy-2.0
time wavelength bin_width lcdata lcerr transit polynom model residuals
[from data line 360]
59958.178241395566 3.25 0.75 1.0077369359963504 0.00038020401812670417 1.0 1.0074159889355108 1.0074159889355108 0.000320947060839627
59958.17847546067 3.25 0.75 1.0078661465904646 0.00038016366980873635 1.0 1.0074156181967482 1.0074156181967482 0.0004505283937163984
59958.17870952577 3.25 0.75 1.0076005880638093 0.0003801970504334792 1.0 1.0074152474579974 1.0074152474579974 0.00018534060581187894
59958.17894359087 3.25 0.75 1.007377259354568 0.0003800652565607075 1.0 1.0074148767192348 1.0074148767192348 -3.761736466678656e-05
59958.17917765597 3.25 0.75 1.008042799495617 0.00038016129934654485 1.0 1.0074145059804838 1.0074145059804838 0.0006282935151331603
59958.179411721074 3.25 0.75 1.007123226828808 0.0003800905598785388 1.0 1.0074141352417214 1.0074141352417214 -0.0002909084129134598
59958.17964578617 3.25 0.75 1.0074062772642747 0.0003802377709507956 1.0 1.0074137645029704 1.0074137645029704 -7.487238695702558e-06
59958.17987985128 3.25 0.75 1.0080664275633466 0.0003802395705467873 1.0 1.0074133937641965 1.0074133937641965 0.00065303379915016
59958.18011391638 3.25 0.75 1.0076939924248842 0.0003801312070097511 1.0 1.0074130230254454 1.0074130230254454 0.00028096939943877963
59958.180347981484 3.25 0.75 1.007393830307277 0.0003802285103939095 1.0 1.007412652286683 1.007412652286683 -1.8821979406169476e-05
59958.18058204658 3.25 0.75 1.007218835837714 0.0003800940429401142 1.0 1.007412281547932 1.007412281547932 -0.00019344571021795431
59958.18081611168 3.25 0.75 1.0073040732225467 0.00038012490280811567 1.0 1.0074119108091812 1.0074119108091812 -0.00010783758663457377
59958.18105017678 3.25 0.75 1.0070830217526627 0.0003801507425764208 1.0 1.0074115400704187 1.0074115400704187 -0.00032851831775593254
59958.18128424189 3.25 0.75 1.0076745919391517 0.000379976265766485 1.0 1.007411169331656 1.007411169331656 0.000263422607495567
59958.181518306985 3.25 0.75 1.0077971152550236 0.0003801907243115641 1.0 1.0074107985929053 1.0074107985929053 0.0003863166621183023
59958.18175237208 3.25 0.75 1.0078717329101872 0.0003801638995446326 1.0 1.0074104278541542 1.0074104278541542 0.0004613050560329235
59958.18198643719 3.25 0.75 1.0074881118869605 0.00038005717492750374 1.0 1.0074100571153919 1.0074100571153919 7.805477156863638e-05
59958.18222050229 3.25 0.75 1.008222078943551 0.00038024866797529944 1.0 1.0074096863766293 1.0074096863766293 0.0008123925669216714
59958.18245456739 3.25 0.75 1.0072188233271702 0.0003800343763766669 1.0 1.0074093156378785 1.0074093156378785 -0.0001904923107083345
59958.182688632485 3.25 0.75 1.0069958127990895 0.0003801078670324306 1.0 1.0074089448991275 1.0074089448991275 -0.00041313210003801615
59958.18292269759 3.25 0.75 1.0076493115735534 0.00038018302296873724 1.0 1.007408574160365 1.007408574160365 0.00024073741318852981
59958.183156762694 3.25 0.75 1.007879507672741 0.0003803089414784448 1.0 1.0074082034216025 1.0074082034216025 0.0004713042511383936
59958.1833908278 3.25 0.75 1.0078657515014544 0.000380148668785079 1.0 1.00740783268284 1.00740783268284 0.0004579188186144556
59958.183624892896 3.25 0.75 1.00749420287257 0.000380130202173557 1.0 1.0074074619440891 1.0074074619440891 8.674092848082182e-05
59958.183858958 3.25 0.75 1.0073530344445387 0.0003800729796561944 1.0 1.0074070912053266 1.0074070912053266 -5.405676078784616e-05
59958.184093023105 3.25 0.75 1.0071604824318519 0.00038015565689656803 1.0 1.0074067204665642 1.0074067204665642 -0.00024623803471235384
59958.1843270882 3.25 0.75 1.0078352535987245 0.0003802229526554785 1.0 1.0074063497278132 1.0074063497278132 0.00042890387091132354
59958.1845611533 3.25 0.75 1.007533053466524 0.0003801814968457412 1.0 1.0074059789890624 1.0074059789890624 0.0001270744774617416
59958.1847952184 3.25 0.75 1.0070207918482958 0.0003801003822263808 1.0 1.0074056082502998 1.0074056082502998 -0.0003848164020039402
59958.18502928351 3.25 0.75 1.007417215733536 0.0003801669430527913 1.0 1.0074052375115372 1.0074052375115372 1.1978221998720784e-05
59958.185263348605 3.25 0.75 1.0082453702685605 0.00038034467539901093 1.0 1.0074048667727864 1.0074048667727864 0.0008405034957741364
59958.1854974137 3.25 0.75 1.007245176126808 0.0003801106151230926 1.0 1.0074044960340354 1.0074044960340354 -0.00015931990722739542
59958.18573147881 3.25 0.75 1.0068085015282318 0.0003801710290703662 1.0 1.007404125295273 1.007404125295273 -0.0005956237670412534
59958.18596554391 3.25 0.75 1.0079120755321662 0.0003800507980617392 1.0 1.0074037545565104 1.0074037545565104 0.0005083209756557849
59958.18619960901 3.25 0.75 1.0070667315864343 0.00038010523628524755 1.0 1.0074033838177596 1.0074033838177596 -0.0003366522313252851
59958.186433674106 3.25 0.75 1.0074162633267194 0.00038003144005309755 1.0 1.0074030130790086 1.0074030130790086 1.325024771081651e-05
59958.18666773921 3.25 0.75 1.0079332294837346 0.00038023446484541945 1.0 1.007402642340246 1.007402642340246 0.0005305871434886367
59958.18690180431 3.25 0.75 1.0075969488242331 0.0003799972059352548 1.0 1.0074022716014952 1.0074022716014952 0.00019467722273791566
59958.18713586941 3.25 0.75 1.0072398510804519 0.00038012867265042075 1.0 1.0074019008627326 1.0074019008627326 -0.00016204978228073763
59958.18736993451 3.25 0.75 1.0072638613097082 0.0003800941876392795 1.0 1.0074015301239818 1.0074015301239818 -0.0001376688142735727
59958.18760399961 3.25 0.75 1.0071652135423548 0.0003799882699742415 1.0 1.0074011593852192 1.0074011593852192 -0.00023594584286446008
59958.18783806471 3.25 0.75 1.0074536028890027 0.0003800798973548722 1.0 1.0074007886464684 1.0074007886464684 5.281424253422706e-05
59958.188072129815 3.25 0.75 1.007309678379246 0.00038003638207307104 1.0 1.0074004179077058 1.0074004179077058 -9.073952845994881e-05
59958.18830619491 3.25 0.75 1.0069963517430414 0.0003800381826390542 1.0 1.0074000471689548 1.0074000471689548 -0.00040369542591345287
59958.18854026002 3.25 0.75 1.0075868427135615 0.00038007013527070895 1.0 1.0073996764301925 1.0073996764301925 0.0001871662833690113
59958.18877432511 3.25 0.75 1.0070616041547482 0.00037994664177416364 1.0 1.0073993056914414 1.0073993056914414 -0.00033770153669321346
59958.18900839022 3.25 0.75 1.007378507543936 0.0003801436133232052 1.0 1.007398934952679 1.007398934952679 -2.042740874297344e-05
59958.189242455315 3.25 0.75 1.006985417588023 0.00038010993955245526 1.0 1.007398564213928 1.007398564213928 -0.00041314662590496987
59958.18947652042 3.25 0.75 1.006996684416183 0.00038003817520202793 1.0 1.0073981934751657 1.0073981934751657 -0.0004015090589826187
59958.18971058552 3.25 0.75 1.0079247823870434 0.00038015369017672614 1.0 1.0073978227364146 1.0073978227364146 0.0005269596506287666
59958.18994465062 3.25 0.75 1.0078805324169016 0.0003802828682745707 0.999996327700119 1.007397451997652 1.007393752532109 0.0004867798847925098
59958.19017871572 3.25 0.75 "" "" 0.9999308745883034 1.0073970812589013 1.0073274445209173 ""
59958.19041278082 3.25 0.75 1.0071866149773874 0.00038001950102474057 0.9998241627123856 1.0073967105201387 1.0072195726150093 -3.295763762189985e-05
59958.19064684592 3.25 0.75 1.0072495408745965 0.0003800373228132676 0.9996884257244769 1.0073963397813879 1.0070824609966558 0.00016707987794073453
59958.190880911025 3.25 0.75 1.0069988959955316 0.0003800043372328857 0.9995289493474568 1.0073959690426253 1.0069214345140385 7.746148149312404e-05
59958.19111497612 3.25 0.75 1.0065141568590283 0.0003799980428127707 0.9993489814031946 1.0073955983038745 1.0067397650350387 -0.0002256081760103612
59958.191349041226 3.25 0.75 1.006842418740008 0.0003800253832998521 0.9991508135395211 1.007395227565112 1.0065397611775124 0.0003026575624955896
59958.191583106316 3.25 0.75 1.0058086326671396 0.00037991412826911426 0.998936195021803 1.0073948568263724 1.0063231851626704 -0.0005145524955307845
59958.19181717142 3.25 0.75 1.006288235637504 0.00037999056456666363 0.9987065316390735 1.00739448608761 1.006091453192884 0.00019678244462006944
59958.19205123652 3.25 0.75 "" "" 0.9984629954280815 1.007394115348859 1.005845745987844 ""
59958.19228530162 3.25 0.75 1.0052202122124487 0.00037974395787619046 0.9982065908043108 1.0073937446100967 1.0055870754048333 -0.0003668631923845478
59958.19251936672 3.25 0.75 1.0053400382331492 0.00037973530314778186 0.9979381973873176 1.0073933738713456 1.0053163275810988 2.3710652050423775e-05
59958.192753431824 3.25 0.75 1.004898751596715 0.0003796491267363574 0.9976585989995832 1.0073930031325833 1.0050342921472357 -0.00013554055052078517
59958.19298749692 3.25 0.75 1.004759199608755 0.00037965794971677683 0.9973685043065519 1.0073926323938323 1.0047416830200766 1.751658867843453e-05
59958.193221562025 3.25 0.75 1.0043627791799552 0.00037951945975115634 0.9970685618036763 1.0073922616550697 1.004439153500573 -7.637432061780025e-05
59958.19345562712 3.25 0.75 1.0043425189873487 0.0003796173163288591 0.9967593712189607 1.0073918909163189 1.00412730776083 0.00021521122651879665
59958.19368969223 3.25 0.75 1.004079623100907 0.00037943579522566485 0.9964414921709994 1.0073915201775563 1.0038067095661356 0.0002729135347714351
59958.193923757324 3.25 0.75 1.0030360111606957 0.00037929170493392213 0.9961154511179391 1.0073911494388055 1.003477889275455 -0.0004418781147592643
59958.19415782243 3.25 0.75 1.002723937295106 0.00037935787339634877 0.9957817467879978 1.007390778700043 1.00314134931205 -0.00041741201694400765
59958.194391887526 3.25 0.75 1.0030074609322004 0.00037940113548312534 0.9954408547525636 1.0073904079612919 1.0027975687705222 0.00020989216167821567
59958.19462595263 3.25 0.75 1.002164537312653 0.00037921644294452875 0.9950932310633656 1.0073900372225295 1.002447007080811 -0.00028246976815782254
59958.19486001773 3.25 0.75 1.0019339180708855 0.0003791385026354902 0.9947393154634057 1.0073896664837785 1.0020901072429824 -0.00015618917209692107
59958.195094082825 3.25 0.75 1.0012925763990053 0.0003789973834347269 0.994379533976213 1.0073892957450277 1.001727298435566 -0.00043472203656080843
59958.19532814792 3.25 0.75 1.0010211318849704 0.00037894847665283286 0.9940143012508427 1.0073889250062766 1.0013589983779516 -0.0003378664929811759
59958.195562213026 3.25 0.75 1.001460858170163 0.00037891489341221584 0.993644022555589 1.0073885542675143 1.0009856153388321 0.00047524283133082434
59958.19579627812 3.25 0.75 1.0004375699954502 0.00037883487182462485 0.9932690956138253 1.0073881835287632 1.0006075499856688 -0.0001699799902186161
59958.19603034322 3.25 0.75 0.9999504895030948 0.0003786633891087362 0.9928899121455164 1.0073878127900122 1.000225196937539 -0.0002747074344442435
59958.196264408325 3.25 0.75 1.0005098318796322 0.0003788555324935424 0.9925068593709839 1.0073874420512499 0.9998389462800551 0.0006708855995770646
59958.19649847343 3.25 0.75 1.0004346142151115 0.0003787524484175446 0.9921203213957931 1.0073870713124873 0.9994491849605116 0.0009854292545998788
59958.19673253853 3.25 0.75 0.9993312080274772 0.000378713203181007 0.991730680465422 1.0073867005737365 0.999056298051808 0.00027490997566925746
59958.196966603624 3.25 0.75 0.9990173678160005 0.00037843415239073195 0.9913383181589469 1.0073863298349854 0.9986606699549286 0.00035669786107184187
59958.19720066873 3.25 0.75 0.9985640882530217 0.00037838877300335106 0.9909436165916776 1.007385959096223 0.9982626856104871 0.00030140264253453175
59958.19743473383 3.25 0.75 0.9979132421711989 0.0003783955621904093 0.9905469595980315 1.0073855883574605 0.9978627316903567 5.051048084225851e-05
59958.19766879892 3.25 0.75 0.9971701821892104 0.0003781913410839802 0.9901487338743822 1.007385217618721 0.9974611977489456 -0.0002910155597352082
59958.19790286402 3.25 0.75 0.9964099288329208 0.0003780575139542462 0.9897493300731343 1.0073848468799702 0.9970584773252774 -0.0006485484923566265
59958.198136929124 3.25 0.75 0.9962536516982942 0.0003779693503931523 0.9893491441014542 1.0073844761412076 0.9966549692513956 -0.00040131755310146566
59958.19837099423 3.25 0.75 0.9965810440990331 0.00037809080179113276 0.988948578346197 1.0073841054024453 0.9962510788863037 0.0003299652127294328
59958.198605059326 3.25 0.75 0.9957766886313124 0.0003778850982159882 0.9885480429800781 1.0073837346636942 0.9958472194317572 -7.053080044483462e-05
59958.19883912442 3.25 0.75 0.9956430110141595 0.0003779614671026564 0.9881479573466759 1.0073833639249432 0.9954438133274557 0.00019919768670384475
59958.19907318953 3.25 0.75 0.9952358210881602 0.0003777457783630209 0.9877487515119746 1.0073829931861809 0.9950412938140462 0.00019452727411406467
59958.19930725463 3.25 0.75 0.99415289823582 0.000377590881438544 0.9873508679619023 1.0073826224474183 0.9946401066431958 -0.0004872084073758165
59958.19954131972 3.25 0.75 0.993994182634641 0.0003774700344743451 0.9869547634437785 1.007382251708679 0.9942407119326002 -0.0002465292979592082
59958.19977538482 3.25 0.75 0.9937466586586472 0.00037758089704930205 0.9865609109712665 1.007381880969928 0.9938435861856402 -9.692752699297369e-05
59958.20000944992 3.25 0.75 0.9932542143850868 0.00037745801705047275 0.9861698022796478 1.0073815102311656 0.9934492247648415 -0.00019501037975477864
59958.20024351502 3.25 0.75 0.9932792570895808 0.0003775806183121392 0.9857819505134916 1.0073811394924146 0.9930581445993362 0.00022111249024459045
59958.200477580125 3.25 0.75 0.9926581498325172 0.00037732787376489095 0.9853978932846216 1.007380768753652 0.9926708872652912 -1.2737432773968216e-05
59958.20071164522 3.25 0.75 0.9922211771991009 0.00037718217726882407 0.9850181964388819 1.0073803980149012 0.992288022780521 -6.684558142011632e-05
59958.20094571033 3.25 0.75 0.9915864134288042 0.00037712984530280754 0.9846434583159812 1.0073800272761386 0.9919101538956246 -0.00032374046682048796
59958.20117977542 3.25 0.75 0.9919877711081281 0.0003772300268923634 0.9842743150894943 1.0073796565373994 0.9915379214734387 0.0004498496346894143
59958.20141384052 3.25 0.75 0.9912687235804694 0.00037701244434623903 0.9839114470054685 1.0073792857986368 0.9911720107734722 9.671280699719009e-05
59958.20164790562 3.25 0.75 0.9902405257741399 0.00037698664873718246 0.9835555864311034 1.0073789150598857 0.9908131595600547 -0.0005726337859147668
59958.20188197072 3.25 0.75 0.9905716261253379 0.0003770521295711691 0.9832075276393627 1.0073785443211234 0.9904621679589118 0.00010945816642604633
59958.20211603582 3.25 0.75 0.9908819598695382 0.00037696870256650745 0.9828681396243051 1.0073781735823724 0.9901199113670366 0.000762048502501611
59958.202350100924 3.25 0.75 0.9897477334963378 0.00037684814142815174 0.9825383826686684 1.00737780284361 0.9897873571422773 -3.962364593945722e-05
59958.202584166014 3.25 0.75 0.9894898680409138 0.00037673399637052474 0.9822193308092314 1.0073774321048705 0.9894655872343678 2.428080654592879e-05
59958.20281823112 3.25 0.75 0.9892488005511728 0.00037671131981401664 0.9819122026845402 1.007377061366108 0.9891558292598742 9.29712912985936e-05
59958.203052296216 3.25 0.75 0.9889404103741881 0.0003765789020391475 0.9816184061392363 1.0073766906273571 0.9888595014354449 8.090893874324045e-05
59958.20328636132 3.25 0.75 0.9890066953153678 0.00037659283891458713 0.9813396049253784 1.0073763198885946 0.988578279770655 0.0004284155447127347
59958.20352042642 3.25 0.75 "" "" 0.9810778252463586 1.0073759491498437 0.988314205397415 ""
59958.20375449152 3.25 0.75 0.988367201428874 0.00037646275174033365 0.980835639187273 1.0073755784110812 0.9880698693524816 0.0002973320763923759
59958.20398855661 3.25 0.75 0.9887559601411245 0.00037673959503561416 0.9806165186127889 1.0073752076723417 0.9878487690844869 0.0009071910566376129
59958.204222621716 3.25 0.75 0.987991435106492 0.00037645587967210804 0.9804256490586846 1.0073748369335793 0.987656128345991 0.0003353067605009752
59958.20445668681 3.25 0.75 0.9872143858679913 0.0003762403913979935 0.9802725622655278 1.0073744661948283 0.9875015491376726 -0.0002871632696813675
