LC/1185/1o8/results/S5_wasp-107b_ap5_bg11_Table_Save_white.txt
# %ECSV 1.0
# ---
# datatype:
# - {name: time, datatype: float64}
# - {name: wavelength, datatype: float64}
# - {name: bin_width, datatype: float64}
# - {name: lcdata, datatype: float64}
# - {name: lcerr, datatype: float64}
# - {name: transit, datatype: float64}
# - {name: polynom, datatype: float64}
# - {name: model, datatype: float64}
# - {name: residuals, datatype: float64}
# schema: astropy-2.0
time wavelength bin_width lcdata lcerr transit polynom model residuals
[from data line 240]
59958.15015358325 3.25 0.75 1.0078764158152291 0.00038015117632369627 1.0 1.0074604775866616 1.0074604775866616 0.00041593822856755835
59958.150387648355 3.25 0.75 1.0075994892735607 0.00038020762103322243 1.0 1.0074601068478992 1.0074601068478992 0.00013938242566147174
59958.15062171346 3.25 0.75 1.0082587279992399 0.0003802964401949091 1.0 1.0074597361091366 1.0074597361091366 0.00079899189010324
59958.150855778564 3.25 0.75 1.0076588024127549 0.0003801316063308675 1.0 1.0074593653703743 1.0074593653703743 0.00019943704238056803
59958.15108984366 3.25 0.75 1.0075549778196478 0.00038017621083364007 1.0 1.0074589946316233 1.0074589946316233 9.598318802450656e-05
59958.15132390877 3.25 0.75 1.0070149855779051 0.0003800845281632899 1.0 1.0074586238928493 1.0074586238928493 -0.0004436383149442058
59958.15155797387 3.25 0.75 1.0068620964212525 0.0003801202066448267 1.0 1.0074582531540983 1.0074582531540983 -0.0005961567328458539
59958.15179203898 3.25 0.75 1.0079411442737534 0.00038023533637234093 1.0 1.0074578824153244 1.0074578824153244 0.00048326185842895164
59958.15202610408 3.25 0.75 1.0067807488879457 0.00038002575951730157 1.0 1.0074575116765734 1.0074575116765734 -0.0006767627886277161
59958.15226016918 3.25 0.75 1.0073105446729562 0.0003800330600641134 1.0 1.0074571409378108 1.0074571409378108 -0.00014659626485458155
59958.15249423429 3.25 0.75 1.0078240217713543 0.0003803208271949283 1.0 1.0074567701990484 1.0074567701990484 0.00036725157230588223
59958.15272829939 3.25 0.75 1.0075951478473977 0.0003801352183357201 1.0 1.0074563994602859 1.0074563994602859 0.00013874838711180892
59958.1529623645 3.25 0.75 1.006765581571594 0.0003799759184322417 1.0 1.0074560287215235 1.0074560287215235 -0.0006904471499296072
59958.153196429594 3.25 0.75 1.0074965101220428 0.00038014295241042454 1.0 1.0074556579827725 1.0074556579827725 4.085213927029763e-05
59958.1534304947 3.25 0.75 1.0065000940967632 0.00037999343417961253 1.0 1.0074552872440101 1.0074552872440101 -0.0009551931472469022
59958.15366455981 3.25 0.75 1.007797137252071 0.0003802635567372189 1.0 1.007454916505236 1.007454916505236 0.00034222074683509796
59958.15389862491 3.25 0.75 1.0071442059176763 0.0003801205115589877 1.0 1.0074545457664852 1.0074545457664852 -0.00031033984880890486
59958.154132690004 3.25 0.75 1.0072754650248317 0.000380041741705614 1.0 1.0074541750277342 1.0074541750277342 -0.0001787100029024824
59958.154366755116 3.25 0.75 1.0070578410105857 0.00038001557761573756 1.0 1.0074538042889603 1.0074538042889603 -0.0003959632783745448
59958.15460082022 3.25 0.75 1.0074030611812392 0.0003800775222402226 1.0 1.0074534335501977 1.0074534335501977 -5.0372368958440106e-05
59958.154834885325 3.25 0.75 1.0072513225697894 0.0003799871674594505 1.0 1.0074530628114353 1.0074530628114353 -0.00020174024164587578
59958.15506895042 3.25 0.75 1.0076741917156502 0.00038018203870813323 1.0 1.0074526920726843 1.0074526920726843 0.00022149964296591662
59958.15530301553 3.25 0.75 1.0073100465725426 0.0003801792001249631 1.0 1.0074523213339217 1.0074523213339217 -0.0001422747613790687
59958.15553708064 3.25 0.75 1.007635683564987 0.0003801717435105258 1.0 1.0074519505951478 1.0074519505951478 0.00018373296983908993
59958.155771145735 3.25 0.75 1.0072879373361292 0.000380058172041459 1.0 1.0074515798563968 1.0074515798563968 -0.00016364252026757065
59958.15600521083 3.25 0.75 1.0070646121819538 0.0003800683799201582 1.0 1.007451209117646 1.007451209117646 -0.0003865969356922072
59958.156239275944 3.25 0.75 1.0078829492169095 0.00038019426410440955 1.0 1.0074508383788718 1.0074508383788718 0.00043211083803762484
59958.15647334105 3.25 0.75 1.0076697387987008 0.0003802225040101491 1.0 1.0074504676401095 1.0074504676401095 0.00021927115859132762
59958.156707406146 3.25 0.75 1.0076717389339112 0.0003802382589207597 1.0 1.0074500969013584 1.0074500969013584 0.00022164203255270465
59958.15694147125 3.25 0.75 1.007231154598967 0.0003800525227787118 1.0 1.007449726162596 1.007449726162596 -0.0002185715636291441
59958.157175536355 3.25 0.75 1.0076048712942722 0.00038005525175307495 1.0 1.0074493554238335 1.0074493554238335 0.00015551587043871606
59958.15740960146 3.25 0.75 1.008007968592998 0.0003803349448637858 1.0 1.0074489846850712 1.0074489846850712 0.0005589839079267467
59958.157643666564 3.25 0.75 1.0075591659320746 0.00038012137267833326 1.0 1.0074486139463086 1.0074486139463086 0.00011055198576603864
59958.15787773166 3.25 0.75 1.0075195421816312 0.00038014065443918964 1.0 1.0074482432075578 1.0074482432075578 7.129897407343044e-05
59958.158111796765 3.25 0.75 1.0077922966244983 0.0003803111083213921 1.0 1.0074478724687952 1.0074478724687952 0.0003444241557031269
59958.15834586188 3.25 0.75 1.0077586205591198 0.00038011373911744364 1.0 1.0074475017300213 1.0074475017300213 0.0003111188290985112
59958.158579926974 3.25 0.75 1.0084388244704208 0.00038016148235457225 1.0 1.0074471309912703 1.0074471309912703 0.0009916934791505128
59958.15881399207 3.25 0.75 1.0077026461122032 0.00038009971855263445 1.0 1.0074467602525192 1.0074467602525192 0.0002558858596839464
59958.15904805718 3.25 0.75 1.0069396132118087 0.00038004321500075667 1.0 1.0074463895137453 1.0074463895137453 -0.0005067763019366289
59958.15928212228 3.25 0.75 1.0077117058003295 0.0003802443555793278 1.0 1.0074460187749943 1.0074460187749943 0.00026568702533524835
59958.159516187385 3.25 0.75 1.0073964846764 0.00038008601108047233 1.0 1.007445648036232 1.007445648036232 -4.916335983184972e-05
59958.15975025249 3.25 0.75 1.0076148848400706 0.00038020450859760363 1.0 1.0074452772974694 1.0074452772974694 0.00016960754260120225
59958.15998431759 3.25 0.75 1.0075603405938665 0.0003802002182834719 1.0 1.007444906558707 1.007444906558707 0.00011543403515945627
59958.16021838269 3.25 0.75 1.0072675188070503 0.00038014172041593824 1.0 1.007444535819956 1.007444535819956 -0.00017701701290562255
59958.1604524478 3.25 0.75 1.007506690592061 0.0003800718932510629 1.0 1.007444165081182 1.007444165081182 6.252551087904124e-05
59958.1606865129 3.25 0.75 1.0078475159953355 0.0003802515170917617 1.0 1.007443794342431 1.007443794342431 0.00040372165290447626
59958.160920578004 3.25 0.75 1.0067443690297933 0.00038017676855369576 1.0 1.0074434236036687 1.0074434236036687 -0.0006990545738754239
59958.1611546431 3.25 0.75 1.007357786609741 0.0003800417492791041 1.0 1.0074430528649176 1.0074430528649176 -8.526625517668585e-05
59958.16138870821 3.25 0.75 1.0073681432375436 0.0003801789729775839 1.0 1.0074426821261437 1.0074426821261437 -7.453888860009528e-05
59958.16162277331 3.25 0.75 1.0073920694077392 0.00038008063441489115 1.0 1.0074423113873927 1.0074423113873927 -5.024197965353139e-05
59958.161856838415 3.25 0.75 1.007097782089769 0.0003800565456806723 1.0 1.0074419406486301 1.0074419406486301 -0.00034415855886105184
59958.16209090352 3.25 0.75 1.007265503357847 0.0003801628393426928 1.0 1.0074415699098678 1.0074415699098678 -0.00017606655202073718
59958.16232496862 3.25 0.75 1.0069610695255133 0.0003800298504620416 1.0 1.0074411991711052 1.0074411991711052 -0.00048012964559185356
59958.16255903372 3.25 0.75 1.007704588302283 0.00038016136894835023 1.0 1.0074408284323544 1.0074408284323544 0.0002637598699286592
59958.162793098825 3.25 0.75 1.0077286933925775 0.0003802966449909152 1.0 1.0074404576935918 1.0074404576935918 0.0002882356989857282
59958.16302716393 3.25 0.75 1.0073750669653156 0.0003799741678545989 1.0 1.0074400869548295 1.0074400869548295 -6.501998951380372e-05
59958.163261229034 3.25 0.75 1.0078295642414896 0.00038022680531950287 1.0 1.0074397162160669 1.0074397162160669 0.00038984802542274544
59958.16349529413 3.25 0.75 1.0077675001135225 0.0003802108117233034 1.0 1.007439345477316 1.007439345477316 0.0003281546362063903
59958.163729359236 3.25 0.75 1.0078784378057024 0.00038013159678143126 1.0 1.0074389747385535 1.0074389747385535 0.00043946306714892636
59958.16396342434 3.25 0.75 1.007632666699833 0.00038015903334954646 1.0 1.007438603999791 1.007438603999791 0.0001940627000420747
59958.164197489445 3.25 0.75 1.0074474653941006 0.000380167139894427 1.0 1.0074382332610285 1.0074382332610285 9.23213307202353e-06
59958.16443155454 3.25 0.75 1.006920797348855 0.00037999513541691477 1.0 1.0074378625222775 1.0074378625222775 -0.0005170651734225373
59958.16466561965 3.25 0.75 1.007259229402046 0.00038017206933202045 1.0 1.0074374917835036 1.0074374917835036 -0.00017826238145768336
59958.16489968475 3.25 0.75 1.0071732609915076 0.0003801038463781186 1.0 1.0074371210447526 1.0074371210447526 -0.00026386005324496864
59958.165133749855 3.25 0.75 1.0070848568895805 0.00038013935817146096 1.0 1.0074367503059902 1.0074367503059902 -0.00035189341640973204
59958.16536781495 3.25 0.75 "" "" 1.0 1.0074363795672392 1.0074363795672392 ""
59958.165601880064 3.25 0.75 1.007545220830523 0.00038010177862515105 1.0 1.0074360088284653 1.0074360088284653 0.00010921200205760151
59958.16583594516 3.25 0.75 1.00777452011768 0.0003802439139017849 1.0 1.0074356380897143 1.0074356380897143 0.00033888202796572564
59958.166070010266 3.25 0.75 1.0080296256723256 0.00038025648965214266 1.0 1.007435267350952 1.007435267350952 0.000594358321373667
59958.16630407536 3.25 0.75 1.0075783643117038 0.0003801611565844386 1.0 1.0074348966122009 1.0074348966122009 0.00014346769950290827
59958.16653814046 3.25 0.75 1.0073874859452236 0.0003801454501374232 1.0 1.0074345258734498 1.0074345258734498 -4.7039928226189076e-05
59958.16677220557 3.25 0.75 1.007412878251708 0.00038019938840466255 1.0 1.007434155134676 1.007434155134676 -2.1276882967935506e-05
59958.167006270676 3.25 0.75 1.007349839296049 0.0003801184890401163 1.0 1.0074337843959134 1.0074337843959134 -8.394509986442422e-05
59958.16724033577 3.25 0.75 1.0078889994412172 0.0003801966354422616 1.0 1.0074334136571625 1.0074334136571625 0.00045558578405469063
59958.16747440087 3.25 0.75 1.0077104011475666 0.0003802390272105219 1.0 1.0074330429184115 1.0074330429184115 0.0002773582291550891
59958.16770846598 3.25 0.75 1.0073399688434042 0.00038010256737887034 1.0 1.0074326721796376 1.0074326721796376 -9.270333623345728e-05
59958.16794253109 3.25 0.75 1.0073233000706225 0.0003800997866793338 1.0 1.007432301440875 1.007432301440875 -0.00010900137025249279
59958.168176596184 3.25 0.75 1.0077471514589569 0.00038015599122241884 1.0 1.0074319307021242 1.0074319307021242 0.00031522075683265705
59958.16841066128 3.25 0.75 1.0074514657373685 0.00038004184618586965 1.0 1.0074315599633732 1.0074315599633732 1.9905773995354537e-05
59958.168644726386 3.25 0.75 1.007522034752291 0.0003802090856243106 1.0 1.0074311892246106 1.0074311892246106 9.084552768046095e-05
59958.1688787915 3.25 0.75 1.0074895051255173 0.00038021140716028377 1.0 1.0074308184858367 1.0074308184858367 5.868663968056076e-05
59958.169112856594 3.25 0.75 1.007786286079511 0.00038011471091163287 1.0 1.0074304477470857 1.0074304477470857 0.0003558383324253622
59958.16934692169 3.25 0.75 1.0072277516420391 0.00038008800370148443 1.0 1.0074300770083349 1.0074300770083349 -0.00020232536629571918
59958.169580986796 3.25 0.75 1.0067634539156818 0.0003800231248829837 1.0 1.0074297062695723 1.0074297062695723 -0.0006662523538905063
59958.1698150519 3.25 0.75 1.0075996892863384 0.00038026443025956566 1.0 1.00742933553081 1.00742933553081 0.00017035375552842957
59958.170049117005 3.25 0.75 1.007367003172685 0.0003801285983428066 1.0 1.0074289647920474 1.0074289647920474 -6.196161936244948e-05
59958.1702831821 3.25 0.75 1.0071731349726807 0.0003801305967083719 1.0 1.0074285940532965 1.0074285940532965 -0.00025545908061586076
59958.17051724721 3.25 0.75 1.0078587375443702 0.00038020947419242204 1.0 1.007428223314534 1.007428223314534 0.0004305142298361986
59958.17075131231 3.25 0.75 1.0071167654775142 0.0003800043230486425 1.0 1.0074278525757716 1.0074278525757716 -0.0003110870982574454
59958.17098537741 3.25 0.75 1.0071866429377208 0.00038012758972196604 1.0 1.0074274818370206 1.0074274818370206 -0.00024083889929982227
59958.17121944251 3.25 0.75 1.007696273665826 0.0003802929367726569 1.0 1.007427111098258 1.007427111098258 0.00026916256756792656
59958.17145350762 3.25 0.75 1.0071283469026502 0.0003801115116781996 1.0 1.0074267403594956 1.0074267403594956 -0.00029839345684545826
59958.17168757272 3.25 0.75 1.0073901031009476 0.0003802308706577312 1.0 1.007426369620733 1.007426369620733 -3.626651978549944e-05
59958.17192163782 3.25 0.75 1.0072270474132023 0.0003800754742611939 1.0 1.0074259988819823 1.0074259988819823 -0.00019895146877990655
59958.172155702916 3.25 0.75 1.007131423594697 0.0003800160228722579 1.0 1.0074256281432312 1.0074256281432312 -0.00029420454853412714
59958.17238976803 3.25 0.75 1.0072520248600232 0.00038002779340601337 1.0 1.0074252574044573 1.0074252574044573 -0.00017323254443413205
59958.172623833125 3.25 0.75 1.006753912937195 0.0003799698287873808 1.0 1.0074248866657063 1.0074248866657063 -0.000670973728511326
59958.17285789823 3.25 0.75 1.008346713823364 0.00038036979487196613 1.0 1.007424515926944 1.007424515926944 0.0009221978964200073
59958.17309196333 3.25 0.75 1.007086193140106 0.0003800934689763317 1.0 1.007424145188193 1.007424145188193 -0.00033795204808684254
59958.17332602843 3.25 0.75 1.0067443863464804 0.0003800678188395516 1.0 1.0074237744494303 1.0074237744494303 -0.0006793881029498738
59958.17356009353 3.25 0.75 1.0070634224845338 0.0003800604845546718 1.0 1.0074234037106795 1.0074234037106795 -0.00035998122614566697
59958.17379415863 3.25 0.75 1.0079579318489649 0.0003802401608482528 1.0 1.007423032971917 1.007423032971917 0.0005348988770479401
59958.17402822374 3.25 0.75 1.0078686825575627 0.00038017571485345677 1.0 1.0074226622331546 1.0074226622331546 0.0004460203244081029
59958.17426228884 3.25 0.75 1.0062302507575334 0.00038004114002676114 1.0 1.007422291494392 1.007422291494392 -0.001192040736858635
59958.17449635394 3.25 0.75 1.0069241774886621 0.00038000866708839866 1.0 1.0074219207556412 1.0074219207556412 -0.0004977432669790449
59958.17473041904 3.25 0.75 1.007614089114031 0.00038026109213600955 1.0 1.0074215500168786 1.0074215500168786 0.00019253909715244433
59958.17496448414 3.25 0.75 1.0071923773525857 0.0003799917020417241 1.0 1.0074211792781278 1.0074211792781278 -0.00022880192554208811
59958.175198549245 3.25 0.75 1.0071782960206832 0.00038001369878373266 1.0 1.0074208085393652 1.0074208085393652 -0.0002425125186820143
59958.17543261434 3.25 0.75 1.0070905621860138 0.00038004674813302004 1.0 1.0074204378006142 1.0074204378006142 -0.0003298756146004056
59958.17566667945 3.25 0.75 1.0075886068419457 0.00038016778250278473 1.0 1.0074200670618403 1.0074200670618403 0.0001685397801054478
59958.17590074455 3.25 0.75 1.007601385036489 0.00037997489976550694 1.0 1.0074196963230893 1.0074196963230893 0.00018168871339985238
59958.176134809655 3.25 0.75 1.0072381220997677 0.00038013960418476145 1.0 1.007419325584327 1.007419325584327 -0.00018120348455918922
59958.17636887475 3.25 0.75 1.00737166637812 0.00038013308179427486 1.0 1.0074189548455759 1.0074189548455759 -4.7288467455830485e-05
59958.17660293986 3.25 0.75 1.0069905218455875 0.000380026313710573 1.0 1.0074185841068135 1.0074185841068135 -0.0004280622612260476
59958.176837004954 3.25 0.75 1.0071366974048157 0.00038009041609863014 1.0 1.0074182133680625 1.0074182133680625 -0.0002815159632467701
59958.17707107006 3.25 0.75 1.0075234496101642 0.00038019609253436853 1.0 1.0074178426293001 1.0074178426293001 0.00010560698086403697
59958.177305135156 3.25 0.75 1.006442598334756 0.0003799152446444508 1.0 1.007417471890549 1.007417471890549 -0.0009748735557930654
59958.17753920027 3.25 0.75 1.007316624685047 0.00038010948413890236 1.0 1.0074171011517752 1.0074171011517752 -0.00010047646672828314
59958.177773265365 3.25 0.75 1.0069348157545643 0.00038001241877778875 1.0 1.0074167304130242 1.0074167304130242 -0.0004819146584598144
