LC/1185/1o8/results/S5_wasp-107b_ap5_bg11_Table_Save_ch0.txt
# %ECSV 1.0
# ---
# datatype:
# - {name: time, datatype: float64}
# - {name: wavelength, datatype: float64}
# - {name: bin_width, datatype: float64}
# - {name: lcdata, datatype: float64}
# - {name: lcerr, datatype: float64}
# - {name: transit, datatype: float64}
# - {name: polynom, datatype: float64}
# - {name: model, datatype: float64}
# - {name: residuals, datatype: float64}
# schema: astropy-2.0
time wavelength bin_width lcdata lcerr transit polynom model residuals
59958.0939779578 3.25 0.75 1.0076148971100776 0.0003828955118507659 1.0 1.0075478231086 1.0075478231086 6.707400147765163e-05
59958.09421202291 3.25 0.75 1.00797992609703 0.00038294568501483266 1.0 1.0075474517663037 1.0075474517663037 0.0004324743307262402
59958.09444608801 3.25 0.75 1.0072354917862112 0.0003828254247333296 1.0 1.0075470804240192 1.0075470804240192 -0.0003115886378080024
59958.094680153125 3.25 0.75 1.007801508080403 0.00038287844771975446 1.0 1.007546709081723 1.007546709081723 0.0002547989986800836
59958.09491421823 3.25 0.75 1.0076755501486787 0.0003828379551384044 1.0 1.0075463377394382 1.0075463377394382 0.0001292124092404645
59958.09514828334 3.25 0.75 1.0072017039748538 0.00038269790699013527 1.0 1.0075459663971422 1.0075459663971422 -0.00034426242228846604
59958.095382348445 3.25 0.75 1.0074658007232593 0.00038280353612785123 1.0 1.0075455950548575 1.0075455950548575 -7.979433159821525e-05
59958.09561641356 3.25 0.75 1.007970033307017 0.0003828689264568184 1.0 1.0075452237125613 1.0075452237125613 0.00042480959445567734
59958.09585047866 3.25 0.75 1.007428067258781 0.0003828081437143534 1.0 1.0075448523702766 1.0075448523702766 -0.00011678511149559867
59958.09608454377 3.25 0.75 1.007160771701833 0.000382761309154188 1.0 1.0075444810279806 1.0075444810279806 -0.00038370932614761877
59958.09631860888 3.25 0.75 1.0075357431309424 0.00038274709185918043 1.0 1.0075441096856959 1.0075441096856959 -8.366554753447275e-06
59958.09655267399 3.25 0.75 1.0077691704180518 0.0003828131133495948 1.0 1.0075437383433996 1.0075437383433996 0.00022543207465219872
59958.096786739094 3.25 0.75 1.0073018276856587 0.000382841967552534 1.0 1.0075433670011151 1.0075433670011151 -0.00024153931545645158
59958.0970208042 3.25 0.75 1.0076773855790435 0.00038289928399764557 1.0 1.0075429956588304 1.0075429956588304 0.00013438992021308493
59958.09725486931 3.25 0.75 1.0075108149855825 0.00038278536209630375 1.0 1.0075426243165342 1.0075426243165342 -3.180933095170424e-05
59958.09748893442 3.25 0.75 1.0073585152002658 0.00038277972644596363 1.0 1.007542252974238 1.007542252974238 -0.00018373777397218127
59958.097722999526 3.25 0.75 1.0074044035109235 0.000382900967902006 1.0 1.0075418816319535 1.0075418816319535 -0.0001374781210299325
59958.09795706463 3.25 0.75 1.0075645688399526 0.0003827840444539301 1.0 1.0075415102896688 1.0075415102896688 2.305855028383874e-05
59958.09819112974 3.25 0.75 1.0079543844503416 0.0003828326284823781 1.0 1.0075411389473725 1.0075411389473725 0.0004132455029690618
59958.098425194854 3.25 0.75 1.0079650551968737 0.000382872829038741 1.0 1.0075407676050763 1.0075407676050763 0.00042428759179746756
59958.09865925996 3.25 0.75 1.007020105027863 0.00038269899000549246 1.0 1.0075403962627918 1.0075403962627918 -0.0005202912349286937
59958.09889332506 3.25 0.75 1.0078785331365487 0.0003828766345312796 1.0 1.007540024920507 1.007540024920507 0.00033850821604164416
59958.099127390175 3.25 0.75 1.007131462199836 0.0003827419584808723 1.0 1.0075396535782108 1.0075396535782108 -0.00040819137837488917
59958.099361455286 3.25 0.75 1.0077751125215066 0.000382825812152391 1.0 1.0075392822359148 1.0075392822359148 0.0002358302855918204
59958.09959552039 3.25 0.75 1.0074985203684195 0.0003828820268608254 1.0 1.0075389108936301 1.0075389108936301 -4.0390525210654005e-05
59958.099829585495 3.25 0.75 1.007070145303783 0.0003827445595640308 1.0 1.0075385395513454 1.0075385395513454 -0.00046839424756250914
59958.10006365061 3.25 0.75 1.0075096289953673 0.0003828318009367959 1.0 1.0075381682090492 1.0075381682090492 -2.853921368184409e-05
59958.10029771572 3.25 0.75 1.0071912530296385 0.00038279864231147566 1.0 1.0075377968667532 1.0075377968667532 -0.0003465438371146323
59958.10053178082 3.25 0.75 1.008307739839734 0.0003828928495646773 1.0 1.0075374255244685 1.0075374255244685 0.0007703143152655301
59958.10076584593 3.25 0.75 1.0072446280953486 0.00038298753744533796 1.0 1.0075370541821838 1.0075370541821838 -0.00029242608683510696
59958.10099991104 3.25 0.75 1.0078292546976575 0.00038288782811441493 1.0 1.0075366828398875 1.0075366828398875 0.0002925718577699854
59958.10123397615 3.25 0.75 1.0079440369278454 0.00038278545922694013 1.0 1.0075363114975915 1.0075363114975915 0.0004077254302539135
59958.101468041255 3.25 0.75 1.0078467217489229 0.0003829522139320459 1.0 1.0075359401553068 1.0075359401553068 0.00031078159361608293
59958.10170210636 3.25 0.75 1.007322893821815 0.0003828041383462394 1.0 1.007535568813022 1.007535568813022 -0.00021267499120702915
59958.10193617147 3.25 0.75 1.0069486647193822 0.0003827734306261025 1.0 1.007535197470726 1.007535197470726 -0.0005865327513439045
59958.10217023658 3.25 0.75 1.0079282305351425 0.0003828827550711238 1.0 1.0075348261284298 1.0075348261284298 0.00039340440671264965
59958.10240430168 3.25 0.75 1.0077337860273574 0.00038285750025879783 1.0 1.0075344547861567 1.0075344547861567 0.00019933124120075085
59958.102638366785 3.25 0.75 1.0078131407345035 0.0003829155698905994 1.0 1.007534083443872 1.007534083443872 0.0002790572906314903
59958.1028724319 3.25 0.75 1.0067627301327895 0.0003827235829750834 1.0 1.007533712101576 1.007533712101576 -0.0007709819687864439
59958.103106497 3.25 0.75 1.0072616887882495 0.0003827905205498577 1.0 1.0075333407592912 1.0075333407592912 -0.0002716519710417309
59958.10334056211 3.25 0.75 1.0078123026618873 0.00038278625813375485 1.0 1.007532969416995 1.007532969416995 0.00027933324489226585
59958.10357462722 3.25 0.75 1.0077534377433626 0.00038277316982697593 1.0 1.0075325980747105 1.0075325980747105 0.00022083966865205085
59958.10380869233 3.25 0.75 1.0073869201001133 0.00038281868520925933 1.0 1.0075322267324143 1.0075322267324143 -0.00014530663230094554
59958.10404275743 3.25 0.75 1.008122063907399 0.00038290933742896895 1.0 1.0075318553901296 1.0075318553901296 0.0005902085172693194
59958.104276822545 3.25 0.75 1.0078570538592264 0.00038282544698765316 1.0 1.0075314840478333 1.0075314840478333 0.0003255698113930894
59958.10451088765 3.25 0.75 1.0077950351646805 0.00038293103497835776 1.0 1.0075311127055488 1.0075311127055488 0.00026392245913164913
59958.10474495276 3.25 0.75 1.007913558008092 0.00038299102367489674 1.0 1.0075307413632526 1.0075307413632526 0.00038281664483941213
59958.104979017866 3.25 0.75 1.0079998380447062 0.00038283586285020425 1.0 1.007530370020968 1.007530370020968 0.000469468023738262
59958.10521308298 3.25 0.75 1.0072887552499512 0.00038268014564111244 1.0 1.0075299986786717 1.0075299986786717 -0.00024124342872045013
59958.10544714808 3.25 0.75 1.007468563827717 0.00038280312133612634 1.0 1.0075296273363872 1.0075296273363872 -6.106350867018939e-05
59958.10568121319 3.25 0.75 1.007666540291847 0.0003827827418300958 1.0 1.0075292559941025 1.0075292559941025 0.000137284297744511
59958.10591527829 3.25 0.75 1.00779775654403 0.0003828713717126971 1.0 1.0075288846518178 1.0075288846518178 0.00026887189221214136
59958.1061493434 3.25 0.75 1.007936980916414 0.0003829019856509592 1.0 1.0075285133095218 1.0075285133095218 0.0004084676068922821
59958.10638340851 3.25 0.75 1.0074328337903673 0.00038271066778960104 1.0 1.007528141967237 1.007528141967237 -9.530817686975723e-05
59958.10661747362 3.25 0.75 1.0070533207131787 0.00038275857617429726 1.0 1.0075277706249408 1.0075277706249408 -0.0004744499117621537
59958.10685153872 3.25 0.75 1.0079694714161187 0.0003829235330927946 1.0 1.007527399282656 1.007527399282656 0.0004420721334625899
59958.107085603835 3.25 0.75 1.0082363199040707 0.00038299170863996323 1.0 1.00752702794036 1.00752702794036 0.0007092919637106121
59958.10731966894 3.25 0.75 1.0072905630207987 0.00038282172538720244 1.0 1.0075266565980754 1.0075266565980754 -0.0002360935772767192
59958.10755373405 3.25 0.75 1.007444477646642 0.00038271366794839675 1.0 1.0075262852557791 1.0075262852557791 -8.180760913711893e-05
59958.107787799156 3.25 0.75 1.008067517468245 0.0003829411913311877 1.0 1.0075259139134944 1.0075259139134944 0.0005416035547505249
59958.10802186426 3.25 0.75 1.00807898648814 0.00038290107727788586 1.0 1.00752554257121 1.00752554257121 0.0005534439169301297
59958.108255929365 3.25 0.75 1.0067071451211296 0.0003826500197937008 1.0 1.0075251712289253 1.0075251712289253 -0.0008180261077956885
59958.108489994476 3.25 0.75 1.0076774675141498 0.00038281004590334973 1.0 1.007524799886629 1.007524799886629 0.0001526676275207528
59958.10872405958 3.25 0.75 1.0072815331046587 0.0003827720092730798 1.0 1.0075244285443445 1.0075244285443445 -0.0002428954396858085
59958.10895812469 3.25 0.75 1.0076495942872679 0.00038290226478372003 1.0 1.0075240572020483 1.0075240572020483 0.00012553708521956253
59958.1091921898 3.25 0.75 1.0074291435891807 0.00038280180690467345 1.0 1.0075236858597636 1.0075236858597636 -9.45422705829202e-05
59958.10942625491 3.25 0.75 1.0079005596541561 0.0003828570055778099 1.0 1.0075233145174673 1.0075233145174673 0.00037724513668879744
59958.10966032001 3.25 0.75 1.0074875763797293 0.00038273946043554044 1.0 1.0075229431751829 1.0075229431751829 -3.536679545357302e-05
59958.10989438512 3.25 0.75 1.0080592560517112 0.00038294369468293234 1.0 1.0075225718328982 1.0075225718328982 0.0005366842188130327
59958.11012845022 3.25 0.75 1.0077175511986225 0.0003828762627492378 1.0 1.0075222004906135 1.0075222004906135 0.00019535070800902332
59958.110362515334 3.25 0.75 1.0074688085800305 0.0003827791043812027 1.0 1.0075218291483174 1.0075218291483174 -5.3020568286932246e-05
59958.11059658044 3.25 0.75 1.0073266462449348 0.0003827674378543013 1.0 1.0075214578060327 1.0075214578060327 -0.00019481156109790732
59958.11083064555 3.25 0.75 1.0077805681156857 0.000382901965198943 1.0 1.0075210864637365 1.0075210864637365 0.0002594816519492227
59958.111064710654 3.25 0.75 1.0075594784255035 0.0003828145210399217 1.0 1.0075207151214518 1.0075207151214518 3.8763304051725456e-05
59958.11129877576 3.25 0.75 1.0070502030897137 0.0003827890678417665 1.0 1.0075203437791673 1.0075203437791673 -0.0004701406894536131
59958.11153284086 3.25 0.75 1.007125428931479 0.0003828020799311829 1.0 1.0075199724368826 1.0075199724368826 -0.0003945435054035773
59958.111766905975 3.25 0.75 1.0079429718100021 0.00038286823216736066 1.0 1.0075196010945864 1.0075196010945864 0.00042337071541576066
59958.11200097108 3.25 0.75 1.0073233703309115 0.0003827567365926643 1.0 1.0075192297523017 1.0075192297523017 -0.00019585942139022094
59958.112235036184 3.25 0.75 1.007766121412757 0.000382814299225004 1.0 1.0075188584100172 1.0075188584100172 0.0002472630027396949
59958.112469101296 3.25 0.75 1.007089861598999 0.00038276288142160495 1.0 1.007518487067721 1.007518487067721 -0.00042862546872202145
59958.11270316641 3.25 0.75 1.0079209954415893 0.00038295767281988863 1.0 1.0075181157254247 1.0075181157254247 0.0004028797161645947
59958.11293723151 3.25 0.75 1.0074258594553467 0.0003827739995708335 1.0 1.0075177443831402 1.0075177443831402 -9.188492779355073e-05
59958.11317129661 3.25 0.75 1.0073344927924435 0.00038282127705324746 1.0 1.007517373040867 1.007517373040867 -0.0001828802484236114
59958.11340536172 3.25 0.75 1.0068958342231058 0.00038263544396577206 1.0 1.0075170016985708 1.0075170016985708 -0.0006211674754650343
59958.11363942683 3.25 0.75 1.0069774695677567 0.00038280089481208265 1.0 1.0075166303562746 1.0075166303562746 -0.0005391607885179006
59958.11387349194 3.25 0.75 1.0076656742606023 0.00038304734398838614 1.0 1.0075162590139901 1.0075162590139901 0.0001494152466121612
59958.11410755704 3.25 0.75 1.007363065407509 0.0003827938224919162 1.0 1.0075158876717054 1.0075158876717054 -0.0001528222641964394
59958.114341622146 3.25 0.75 1.0074413662270048 0.000382860855808213 1.0 1.0075155163294207 1.0075155163294207 -7.415010241595965e-05
59958.11457568726 3.25 0.75 1.006839627911533 0.00038270063663076414 1.0 1.0075151449871245 1.0075151449871245 -0.0006755170755914364
59958.11480975236 3.25 0.75 1.007448334718223 0.0003826764542500019 1.0 1.00751477364484 1.00751477364484 -6.643892661695183e-05
59958.115043817466 3.25 0.75 1.0081969249769338 0.00038294045013291815 1.0 1.0075144023025553 1.0075144023025553 0.0006825226743785162
59958.11527788258 3.25 0.75 1.0077588822717158 0.0003828247208331944 1.0 1.007514030960259 1.007514030960259 0.0002448513114567952
59958.11551194768 3.25 0.75 1.0076525330669366 0.0003828595770161761 1.0 1.0075136596179746 1.0075136596179746 0.00013887344896201803
59958.11574601279 3.25 0.75 1.0074459045928572 0.0003828486755340202 1.0 1.0075132882756899 1.0075132882756899 -6.738368283265572e-05
59958.11598007789 3.25 0.75 1.0075376166704952 0.0003827354104696306 1.0 1.0075129169334052 1.0075129169334052 2.469973709007256e-05
59958.116214143 3.25 0.75 1.0080879505623923 0.0003829375919421213 1.0 1.007512545591109 1.007512545591109 0.0005754049712833886
59958.116448208115 3.25 0.75 1.007588539615818 0.0003827950286096453 1.0 1.007512174248813 1.007512174248813 7.636536700506014e-05
59958.11668227321 3.25 0.75 1.007354760250067 0.00038275356316611015 1.0 1.0075118029065397 1.0075118029065397 -0.00015704265647276117
59958.11691633832 3.25 0.75 1.0068783880085665 0.00038272739066103073 1.0 1.007511431564255 1.007511431564255 -0.000633043555688495
59958.11715040343 3.25 0.75 1.0075223253633814 0.0003828017275463101 1.0 1.0075110602219588 1.0075110602219588 1.1265141422578395e-05
59958.11738446853 3.25 0.75 1.0072598327877615 0.0003828143906810348 1.0 1.0075106888796743 1.0075106888796743 -0.0002508560919127767
59958.117618533644 3.25 0.75 1.0077625990703154 0.00038285509957734597 1.0 1.007510317537378 1.007510317537378 0.00025228153293732625
59958.11785259874 3.25 0.75 1.0069470950744823 0.0003827746212995122 1.0 1.007509946195105 1.007509946195105 -0.0005628511206225983
59958.11808666385 3.25 0.75 1.0072256772290633 0.00038271086756161887 1.0 1.007509574852809 1.007509574852809 -0.00028389762374558813
59958.11832072896 3.25 0.75 1.0078215828875463 0.000382845041368536 1.0 1.0075092035105242 1.0075092035105242 0.0003123793770221095
59958.11855479407 3.25 0.75 1.0077015423281983 0.0003830042857911559 1.0 1.007508832168228 1.007508832168228 0.00019271015997035512
59958.11878885917 3.25 0.75 1.0075771839112546 0.00038275263618246254 1.0 1.0075084608259548 1.0075084608259548 6.872308529981552e-05
59958.11902292428 3.25 0.75 1.0075282253676054 0.0003828123716349737 1.0 1.0075080894836588 1.0075080894836588 2.013588394667032e-05
59958.11925698938 3.25 0.75 1.008366509379249 0.00038299897298620973 1.0 1.007507718141374 1.007507718141374 0.0008587912378750229
59958.119491054495 3.25 0.75 1.006906735617786 0.00038269678781502 1.0 1.0075073467990778 1.0075073467990778 -0.0006006111812917325
59958.1197251196 3.25 0.75 1.007698403089365 0.00038289227546968154 1.0 1.0075069754567931 1.0075069754567931 0.00019142763257185003
59958.1199591847 3.25 0.75 1.0075117732129866 0.0003829218013406782 1.0 1.0075066041145087 1.0075066041145087 5.169098477919576e-06
59958.12019324981 3.25 0.75 1.0074212805594118 0.00038266808895410603 1.0 1.007506232772224 1.007506232772224 -8.495221281212828e-05
59958.12042731492 3.25 0.75 1.0070058970566078 0.00038284409157543123 1.0 1.0075058614299277 1.0075058614299277 -0.0004999643733198944
59958.120661380024 3.25 0.75 1.0077808509715436 0.0003828782222002752 1.0 1.0075054900876432 1.0075054900876432 0.0002753608839003441
59958.12089544513 3.25 0.75 1.0068422435374813 0.00038274172908941013 1.0 1.0075051187453585 1.0075051187453585 -0.0006628752078772226
59958.12112951023 3.25 0.75 1.0076272916410332 0.0003829396384679022 1.0 1.0075047474030738 1.0075047474030738 0.00012254423795932112
59958.121363575345 3.25 0.75 1.0074640091388636 0.000382873203013183 1.0 1.0075043760607776 1.0075043760607776 -4.0366921914003484e-05
59958.12159764044 3.25 0.75 1.0078758444204574 0.0003829325798367656 1.0 1.0075040047185047 1.0075040047185047 0.0003718397019527586
